11
4.000000
4.000000
4.000000
4.000000
4.000000
4.000000
4.000000
4.000000
4.000000
4.000000
4.000000
11
-21.000000 481.000000
1230.000000 531.000000
1542.000000 -447.000000
1810.000000 -452.000000
2172.000000 125.000000
3149.000000 87.000000
3137.000000 457.000000
1773.000000 455.000000
1512.000000 868.000000
731.000000 758.000000
-10.000000 751.000000
11
0.000000 0.000000
0.000000 0.000000
0.000000 0.000000
0.000000 0.000000
0.000000 0.000000
0.000000 0.000000
0.000000 0.000000
0.000000 0.000000
0.000000 0.000000
0.000000 0.000000
0.000000 0.000000
11
-1568.727295 152.454559
-317.727295 202.454559
-5.727295 -775.545410
262.272705 -780.545410
624.272705 -203.545441
1601.272705 -241.545441
1589.272705 128.454559
225.272705 126.454559
-35.727295 539.454590
-816.727295 429.454559
-1557.727295 422.454559
shapes=1
start=0 end=11 texture=0 resourceId=0 stiffness=1.000000 damping=1.000000 volume=0.000000 isStatic=1 selfIntersecting=0 parentId=-1 indices=65535,65535,65535,65535 interiorEdges=0,0,0,0
staticjoints=0
