16
0.200000
0.200000
0.200000
0.200000
0.200000
0.200000
0.200000
0.200000
1.000000
1.000000
1.000000
1.000000
1.000000
1.000000
1.000000
1.000000
16
381.439850 390.647888
383.316589 412.570251
493.511383 440.187103
494.214661 462.088867
431.433655 494.896393
413.854767 481.813110
454.103424 375.579285
437.177673 361.520874
400.000000 212.500000
412.500000 200.000000
487.500000 200.000000
500.000000 212.500000
500.000000 287.500000
487.500000 300.000000
412.500000 300.000000
400.000000 287.500000
16
0.000033 0.000046
0.000018 0.000025
0.000035 0.000040
0.000024 0.000045
0.000041 0.000049
0.000029 0.000036
0.000023 0.000032
0.000038 0.000047
0.000000 0.000000
0.000000 0.000000
0.000000 0.000000
0.000000 0.000000
0.000000 0.000000
0.000000 0.000000
0.000000 0.000000
0.000000 0.000000
16
-55.000000 -41.250000
-41.250000 -55.000000
41.250000 -55.000000
55.000000 -41.250000
55.000000 41.250000
41.250000 55.000000
-41.250000 55.000000
-55.000000 41.250000
400.000000 212.500000
412.500000 200.000000
487.500000 200.000000
500.000000 212.500000
500.000000 287.500000
487.500000 300.000000
412.500000 300.000000
400.000000 287.500000
shapes=2
start=0 end=8 texture=0 resourceId=0 stiffness=1.000000 damping=1.000000 volume=0.000000 isStatic=0 selfIntersecting=0 parentId=-1 indices=65535,65535,65535,65535 interiorEdges=0,0,0,0
start=8 end=16 texture=0 resourceId=0 stiffness=1.000000 damping=1.000000 volume=0.000000 isStatic=0 selfIntersecting=0 parentId=-1 indices=65535,65535,65535,65535 interiorEdges=0,0,0,0
staticjoints=0
