56
4.000000
4.000000
4.000000
4.000000
4.000000
4.000000
4.000000
4.000000
4.000000
4.000000
4.000000
3.250000
3.250000
3.250000
3.250000
3.250000
3.250000
3.250000
3.250000
3.250000
3.250000
3.250000
3.250000
3.250000
3.250000
3.250000
3.250000
3.250000
3.250000
3.250000
3.250000
3.250000
3.250000
3.250000
3.250000
3.250000
3.250000
3.250000
3.250000
3.250000
3.250000
3.250000
3.250000
4.000000
-49.655472
4.000000
4.000000
33.240448
60.102417
33.240448
38.240448
6.102417
5.102417
4.000000
-12.905472
4.000000
56
-21.000000 481.000000
1230.000000 531.000000
1542.000000 -447.000000
1810.000000 -452.000000
2172.000000 125.000000
3149.000000 87.000000
3137.000000 457.000000
1773.000000 455.000000
1512.000000 868.000000
731.000000 758.000000
-10.000000 751.000000
445.000000 460.000000
443.096985 469.567078
437.677673 477.677673
429.567078 483.096985
420.000000 485.000000
410.432922 483.096985
402.322327 477.677673
396.903015 469.567078
395.000000 460.000000
396.903015 450.432922
402.322327 442.322327
410.432922 436.903015
420.000000 435.000000
429.567078 436.903015
437.677673 442.322327
443.096985 450.432922
525.000000 460.000000
523.096985 469.567078
517.677673 477.677673
509.567078 483.096985
500.000000 485.000000
490.432922 483.096985
482.322327 477.677673
476.903015 469.567078
475.000000 460.000000
476.903015 450.432922
482.322327 442.322327
490.432922 436.903015
500.000000 435.000000
509.567078 436.903015
517.677673 442.322327
523.096985 450.432922
445.994019 343.453430
456.994019 376.453430
525.744019 375.765930
533.306519 418.390930
512.263550 417.703430
488.888550 417.703430
470.744019 419.078430
454.244019 415.640930
428.388550 414.953430
401.576050 414.953430
378.619019 415.640930
380.681519 389.183899
398.556519 342.078430
56
0.000000 0.000000
0.000000 0.000000
0.000000 0.000000
0.000000 0.000000
0.000000 0.000000
0.000000 0.000000
0.000000 0.000000
0.000000 0.000000
0.000000 0.000000
0.000000 0.000000
0.000000 0.000000
0.000000 0.000000
0.000000 0.000000
0.000000 0.000000
0.000000 0.000000
0.000000 0.000000
0.000000 0.000000
0.000000 0.000000
0.000000 0.000000
0.000000 0.000000
0.000000 0.000000
0.000000 0.000000
0.000000 0.000000
0.000000 0.000000
0.000000 0.000000
0.000000 0.000000
0.000000 0.000000
0.000000 0.000000
0.000000 0.000000
0.000000 0.000000
0.000000 0.000000
0.000000 0.000000
0.000000 0.000000
0.000000 0.000000
0.000000 0.000000
0.000000 0.000000
0.000000 0.000000
0.000000 0.000000
0.000000 0.000000
0.000000 0.000000
0.000000 0.000000
0.000000 0.000000
0.000000 0.000000
0.000000 0.000000
0.000000 0.000000
0.000000 0.000000
0.000000 0.000000
0.000000 0.000000
0.000000 0.000000
0.000000 0.000000
0.000000 0.000000
0.000000 0.000000
0.000000 0.000000
0.000000 0.000000
0.000000 0.000000
0.000000 0.000000
56
-1568.727295 152.454559
-317.727295 202.454559
-5.727295 -775.545410
262.272705 -780.545410
624.272705 -203.545441
1601.272705 -241.545441
1589.272705 128.454559
225.272705 126.454559
-35.727295 539.454590
-816.727295 429.454559
-1557.727295 422.454559
445.000000 460.000000
443.096985 469.567078
437.677673 477.677673
429.567078 483.096985
420.000000 485.000000
410.432922 483.096985
402.322327 477.677673
396.903015 469.567078
395.000000 460.000000
396.903015 450.432922
402.322327 442.322327
410.432922 436.903015
420.000000 435.000000
429.567078 436.903015
437.677673 442.322327
443.096985 450.432922
525.000000 460.000000
523.096985 469.567078
517.677673 477.677673
509.567078 483.096985
500.000000 485.000000
490.432922 483.096985
482.322327 477.677673
476.903015 469.567078
475.000000 460.000000
476.903015 450.432922
482.322327 442.322327
490.432922 436.903015
500.000000 435.000000
509.567078 436.903015
517.677673 442.322327
523.096985 450.432922
-6.459106 -64.353363
5.228394 -31.353363
75.353394 -32.040863
82.497925 14.353668
60.497925 11.603668
37.122925 11.603668
17.185425 12.291168
2.747925 10.228668
-23.377075 8.853668
-50.189575 8.853668
-74.939575 9.541168
-71.084106 -16.915863
-58.709106 -67.103363
shapes=4
start=0 end=11 texture=0 resourceId=0 stiffness=1.000000 damping=1.000000 volume=0.000000 isStatic=1 selfIntersecting=0 parentId=-1 indices=65535,65535,65535,65535 interiorEdges=0,0,0,0
start=11 end=27 texture=0 resourceId=0 stiffness=3.250000 damping=1.000000 volume=300.000000 isStatic=0 selfIntersecting=0 parentId=0 indices=65535,65535,65535,65535 interiorEdges=0,0,0,0
start=27 end=43 texture=0 resourceId=0 stiffness=3.250000 damping=1.000000 volume=300.000000 isStatic=0 selfIntersecting=0 parentId=0 indices=65535,65535,65535,65535 interiorEdges=0,0,0,0
start=43 end=56 texture=0 resourceId=1 stiffness=1.000000 damping=1.000000 volume=0.000000 isStatic=0 selfIntersecting=0 parentId=0 indices=65535,65535,65535,65535 interiorEdges=0,0,0,0
staticjoints=0
