20
1.000000
1.000000
1.000000
1.000000
1.000000
1.000000
1.000000
1.000000
1.000000
1.000000
1.000000
1.000000
1.000000
1.000000
1.000000
1.000000
1.000000
1.000000
1.000000
1.000000
20
917.067444 565.956787
982.882568 565.379517
1048.276978 565.377075
1113.466309 565.307007
1178.505493 565.279724
1243.494873 565.279724
1308.534058 565.307068
1373.723267 565.377136
1439.117920 565.379578
1504.932617 565.956665
1504.910156 637.108093
1439.096924 637.639648
1373.707642 637.607178
1308.524658 637.654724
1243.491821 637.671326
1178.508301 637.671326
1113.475464 637.654663
1048.292480 637.607178
982.903442 637.639648
917.090515 637.108276
20
-0.058741 0.082531
-0.052986 0.083845
-0.042020 0.084842
-0.026971 0.085612
-0.009290 0.085995
0.009289 0.085995
0.026969 0.085611
0.042021 0.084843
0.052979 0.083844
0.058745 0.082530
0.058630 0.081186
0.052883 0.079669
0.041942 0.078494
0.026918 0.077594
0.009271 0.077136
-0.009269 0.077136
-0.026915 0.077594
-0.041939 0.078493
-0.052882 0.079669
-0.058638 0.081186
20
896.000000 544.000000
966.000000 544.000000
1036.000000 544.000000
1106.000000 544.000000
1176.000000 544.000000
1246.000000 544.000000
1316.000000 544.000000
1386.000000 544.000000
1456.000000 544.000000
1526.000000 544.000000
1526.000000 614.000000
1456.000000 614.000000
1386.000000 614.000000
1316.000000 614.000000
1246.000000 614.000000
1176.000000 614.000000
1106.000000 614.000000
1036.000000 614.000000
966.000000 614.000000
896.000000 614.000000
20
896.000000 544.000000
966.000000 544.000000
1036.000000 544.000000
1106.000000 544.000000
1176.000000 544.000000
1246.000000 544.000000
1316.000000 544.000000
1386.000000 544.000000
1456.000000 544.000000
1526.000000 544.000000
1526.000000 614.000000
1456.000000 614.000000
1386.000000 614.000000
1316.000000 614.000000
1246.000000 614.000000
1176.000000 614.000000
1106.000000 614.000000
1036.000000 614.000000
966.000000 614.000000
896.000000 614.000000
shapes=1
start=0 end=20 substart=0 subend=9 volume=0.000000 isStatic=0 disableShapeMatching=0
springs=46
0 19 70.000000 6.500000 280.899994 0
1 18 70.000000 6.500000 280.899994 0
0 1 70.000000 6.500000 280.899994 0
19 18 70.000000 6.500000 280.899994 0
1 19 98.994949 6.500000 280.899994 0
18 0 98.994949 6.500000 280.899994 0
2 17 70.000000 6.500000 280.899994 0
1 2 70.000000 6.500000 280.899994 0
18 17 70.000000 6.500000 280.899994 0
2 18 98.994949 6.500000 280.899994 0
17 1 98.994949 6.500000 280.899994 0
3 16 70.000000 6.500000 280.899994 0
2 3 70.000000 6.500000 280.899994 0
17 16 70.000000 6.500000 280.899994 0
3 17 98.994949 6.500000 280.899994 0
16 2 98.994949 6.500000 280.899994 0
4 15 70.000000 6.500000 280.899994 0
3 4 70.000000 6.500000 280.899994 0
16 15 70.000000 6.500000 280.899994 0
4 16 98.994949 6.500000 280.899994 0
15 3 98.994949 6.500000 280.899994 0
5 14 70.000000 6.500000 280.899994 0
4 5 70.000000 6.500000 280.899994 0
15 14 70.000000 6.500000 280.899994 0
5 15 98.994949 6.500000 280.899994 0
14 4 98.994949 6.500000 280.899994 0
6 13 70.000000 6.500000 280.899994 0
5 6 70.000000 6.500000 280.899994 0
14 13 70.000000 6.500000 280.899994 0
6 14 98.994949 6.500000 280.899994 0
13 5 98.994949 6.500000 280.899994 0
7 12 70.000000 6.500000 280.899994 0
6 7 70.000000 6.500000 280.899994 0
13 12 70.000000 6.500000 280.899994 0
7 13 98.994949 6.500000 280.899994 0
12 6 98.994949 6.500000 280.899994 0
8 11 70.000000 6.500000 280.899994 0
7 8 70.000000 6.500000 280.899994 0
12 11 70.000000 6.500000 280.899994 0
8 12 98.994949 6.500000 280.899994 0
11 7 98.994949 6.500000 280.899994 0
9 10 70.000000 6.500000 280.899994 0
8 9 70.000000 6.500000 280.899994 0
11 10 70.000000 6.500000 280.899994 0
9 11 98.994949 6.500000 280.899994 0
10 8 98.994949 6.500000 280.899994 0
staticjoints=0
partialshapes=9
i0=0 i1=1 i2=18 i3=19
4
0
1
18
19
4
985.030457 566.427979
915.030457 566.450684
915.053162 636.450684
985.053162 636.427979
4
35.000000 -35.000000
-35.000000 -35.000000
-35.000000 35.000000
35.000000 35.000000
4
i0=1 i1=2 i2=17 i3=18
4
1
2
17
18
4
1050.627319 566.410217
980.627258 566.428284
980.645325 636.428284
1050.645264 636.410217
4
35.000000 -35.000000
-35.000000 -35.000000
-35.000000 35.000000
35.000000 35.000000
4
i0=2 i1=3 i2=16 i3=17
4
2
3
16
17
4
1115.906250 566.398987
1045.906250 566.410950
1045.918213 636.410950
1115.918213 636.398987
4
35.000000 -35.000000
-35.000000 -35.000000
-35.000000 35.000000
35.000000 35.000000
4
i0=3 i1=4 i2=15 i3=16
4
3
4
15
16
4
1181.004150 566.393921
1111.004150 566.399658
1111.009766 636.399658
1181.009766 636.393921
4
35.000000 -35.000000
-35.000000 -35.000000
-35.000000 35.000000
35.000000 35.000000
4
i0=4 i1=5 i2=14 i3=15
4
4
5
14
15
4
1246.000122 566.394165
1176.000122 566.394165
1176.000122 636.394165
1246.000122 636.394165
4
35.000000 -35.000000
-35.000000 -35.000000
-35.000000 35.000000
35.000000 35.000000
4
i0=5 i1=6 i2=13 i3=14
4
5
6
13
14
4
1310.996216 566.399719
1240.996216 566.393860
1240.990356 636.393860
1310.990356 636.399719
4
35.000000 -35.000000
-35.000000 -35.000000
-35.000000 35.000000
35.000000 35.000000
4
i0=6 i1=7 i2=12 i3=13
4
6
7
12
13
4
1376.093994 566.411011
1306.093994 566.399048
1306.082031 636.399048
1376.082031 636.411011
4
35.000000 -35.000000
-35.000000 -35.000000
-35.000000 35.000000
35.000000 35.000000
4
i0=7 i1=8 i2=11 i3=12
4
7
8
11
12
4
1441.373047 566.428345
1371.373047 566.410278
1371.354980 636.410278
1441.354980 636.428345
4
35.000000 -35.000000
-35.000000 -35.000000
-35.000000 35.000000
35.000000 35.000000
4
i0=8 i1=9 i2=10 i3=11
4
8
9
10
11
4
1506.969849 566.450562
1436.969849 566.428101
1436.947388 636.428101
1506.947388 636.450562
4
35.000000 -35.000000
-35.000000 -35.000000
-35.000000 35.000000
35.000000 35.000000
4
