19
4.000000
4.000000
4.000000
2.000000
2.000000
2.000000
2.000000
2.000000
2.000000
2.000000
2.000000
2.000000
2.000000
2.000000
2.000000
2.000000
2.000000
2.000000
2.000000
19
1016.750000 851.437500
554.062500 459.562500
1740.687500 746.937500
747.312500 324.125000
743.506470 343.259186
732.667847 359.480347
716.446655 370.318970
697.312500 374.125000
678.178345 370.318970
661.957153 359.480347
651.118530 343.259186
647.312500 324.125000
651.118530 304.990845
661.957153 288.769684
678.178345 277.931030
697.312500 274.125000
716.446655 277.931030
732.667847 288.769684
743.506470 304.990845
19
0.000000 0.000000
0.000000 0.000000
0.000000 0.000000
0.000000 0.000000
0.000000 0.000000
0.000000 0.000000
0.000000 0.000000
0.000000 0.000000
0.000000 0.000000
0.000000 0.000000
0.000000 0.000000
0.000000 0.000000
0.000000 0.000000
0.000000 0.000000
0.000000 0.000000
0.000000 0.000000
0.000000 0.000000
0.000000 0.000000
0.000000 0.000000
19
169.812500 180.354156
-292.875000 -210.833344
890.312500 77.916656
928.125000 -280.187500
924.318970 -261.053314
913.480347 -244.832169
897.259155 -233.993530
878.125000 -230.187500
858.990845 -233.993530
842.769653 -244.832169
831.931030 -261.053314
828.125000 -280.187500
831.931030 -299.321655
842.769653 -315.542816
858.990845 -326.381470
878.125000 -330.187500
897.259155 -326.381470
913.480347 -315.542816
924.318970 -299.321655
shapes=2
start=0 end=3 texture=0 resourceId=0 stiffness=1.000000 damping=1.000000 volume=0.000000 isStatic=1 selfIntersecting=0 parentId=-1 indices=65535,65535,65535,65535 interiorEdges=0,0,0,0
start=3 end=19 texture=0 resourceId=0 stiffness=2.000000 damping=1.000000 volume=300.000000 isStatic=0 selfIntersecting=0 parentId=-1 indices=65535,65535,65535,65535 interiorEdges=0,0,0,0
staticjoints=0
