13
4.000000
-49.655472
4.000000
4.000000
33.240448
60.102417
33.240448
38.240448
6.102417
5.102417
4.000000
-12.905472
4.000000
13
1035.042969 375.687500
1046.042969 408.687500
1114.792969 408.000000
1122.355469 450.625000
1101.312500 449.937500
1077.937500 449.937500
1059.792969 451.312500
1043.292969 447.875000
1017.437500 447.187500
990.625000 447.187500
967.667969 447.875000
969.730469 421.417969
987.605469 374.312500
13
0.000000 0.000000
0.000000 0.000000
0.000000 0.000000
0.000000 0.000000
0.000000 0.000000
0.000000 0.000000
0.000000 0.000000
0.000000 0.000000
0.000000 0.000000
0.000000 0.000000
0.000000 0.000000
0.000000 0.000000
0.000000 0.000000
13
-6.459106 -64.353363
5.228394 -31.353363
75.353394 -32.040863
82.497925 14.353668
60.497925 11.603668
37.122925 11.603668
17.185425 12.291168
2.747925 10.228668
-23.377075 8.853668
-50.189575 8.853668
-74.939575 9.541168
-71.084106 -16.915863
-58.709106 -67.103363
shapes=1
start=0 end=13 texture=0 resourceId=1 stiffness=1.000000 damping=1.000000 volume=0.000000 isStatic=0 selfIntersecting=0 parentId=-1 indices=65535,65535,65535,65535 interiorEdges=0,0,0,0
staticjoints=0
