172
4.000000
4.000000
4.000000
4.000000
4.000000
4.000000
4.000000
4.000000
4.000000
4.000000
4.000000
4.000000
4.000000
4.000000
4.000000
4.000000
4.000000
4.000000
4.000000
4.000000
4.000000
4.000000
4.000000
4.000000
4.000000
4.000000
4.000000
4.000000
4.000000
4.000000
4.000000
4.000000
1.000000
1.000000
1.000000
1.000000
1.000000
1.000000
1.000000
1.000000
1.000000
1.000000
1.000000
1.000000
1.000000
1.000000
1.000000
1.000000
1.000000
1.000000
1.000000
1.000000
1.000000
1.000000
1.000000
1.000000
1.000000
1.000000
1.000000
1.000000
1.000000
1.000000
1.000000
1.000000
1.000000
1.000000
1.000000
1.000000
1.000000
1.000000
1.000000
1.000000
1.000000
1.000000
1.000000
1.000000
1.000000
1.000000
1.000000
1.000000
1.000000
1.000000
1.000000
1.000000
1.000000
1.000000
1.000000
1.000000
1.000000
1.000000
1.000000
1.000000
2.000000
2.000000
2.000000
2.000000
2.000000
2.000000
2.000000
2.000000
2.000000
2.000000
2.000000
2.000000
2.000000
2.000000
2.000000
2.000000
2.000000
2.000000
2.000000
2.000000
2.000000
2.000000
2.000000
2.000000
2.000000
2.000000
2.000000
2.000000
2.000000
2.000000
2.000000
2.000000
2.000000
2.000000
2.000000
2.000000
2.000000
2.000000
2.000000
2.000000
2.000000
2.000000
2.000000
2.000000
2.000000
2.000000
2.000000
2.000000
2.000000
2.000000
2.000000
2.000000
2.000000
2.000000
2.000000
2.000000
2.000000
2.000000
2.000000
2.000000
2.000000
2.000000
2.000000
2.000000
2.000000
2.000000
2.000000
2.000000
2.000000
2.000000
2.000000
2.000000
2.000000
2.000000
2.000000
2.000000
2.000000
2.000000
2.000000
2.000000
172
428.000000 77.000000
531.000000 -216.000000
589.000000 -516.000000
633.000000 -1031.000000
1752.000000 -1049.000000
1381.000000 -921.000000
731.000000 -915.000000
668.000000 -579.000000
941.000000 -224.000000
731.000000 85.000000
909.000000 428.000000
1441.000000 433.000000
1570.000000 -154.000000
1730.000000 -176.000000
1715.000000 579.000000
525.000000 628.000000
1236.000000 19.000000
1232.193970 38.134171
1221.355347 54.355347
1205.134155 65.193970
1186.000000 69.000000
1166.865845 65.193970
1150.644653 54.355347
1139.806030 38.134171
1136.000000 19.000000
1139.806030 -0.134163
1150.644653 -16.355331
1166.865845 -27.193977
1186.000000 -31.000000
1205.134155 -27.193970
1221.355347 -16.355331
1232.193970 -0.134148
836.178284 287.370850
873.884155 229.379303
912.494995 170.929794
952.417664 112.725479
994.427002 55.299789
1039.437134 -0.619664
1088.581421 -53.904552
1142.340454 -102.484383
1198.402832 -146.715851
1254.479614 -188.980743
1296.899780 -133.238129
1241.361572 -91.468025
1187.586304 -49.372128
1137.466309 -4.577186
1092.299438 45.247665
1049.774170 98.163269
1009.389954 153.433655
970.431030 210.291946
932.228821 268.148560
893.873169 326.413422
908.644775 -3.827642
957.848083 -53.506664
1006.709473 -103.247520
1054.994263 -153.307297
1102.525879 -203.893600
1149.141235 -255.208664
1194.744751 -307.376831
1239.363525 -360.435913
1283.248413 -414.307739
1326.901123 -468.724365
1381.535278 -424.911865
1337.699341 -370.328369
1293.289185 -315.790436
1247.892700 -261.812866
1201.432617 -208.666077
1153.984497 -156.432114
1105.720581 -105.064697
1056.872437 -54.429436
1007.685181 -4.337730
958.413635 45.407318
1367.412109 419.186218
1384.134766 352.308350
1397.419800 285.658356
1409.039795 217.663055
1423.106812 148.892059
1439.078979 80.694801
1455.803467 12.827692
1472.863647 -54.973377
1489.987671 -122.777084
1507.034058 -190.591919
1574.919800 -173.607956
1557.881348 -105.700035
1540.751465 -37.916237
1523.696777 29.639263
1507.067017 96.940178
1491.496338 164.015198
1477.920288 231.238831
1465.632080 299.112885
1451.955444 366.640289
1436.340454 432.796265
1307.863770 410.856812
1293.454468 423.803680
1275.091797 430.238068
1255.582275 429.358002
1238.006958 421.226013
1225.011353 406.768585
1218.445801 388.581543
1219.602539 369.050842
1227.804077 351.461029
1242.269897 338.214661
1260.494141 331.748993
1279.981079 332.652008
1297.404907 341.196350
1310.516968 355.751465
1317.108154 373.967438
1316.116333 393.409058
1373.435181 277.979919
1386.568359 292.037231
1392.418335 310.286163
1388.619629 329.296539
1383.716675 347.610077
1369.351685 360.707825
1351.186401 366.856293
1331.559204 366.198608
1314.569946 357.596039
1300.744629 343.575592
1294.186890 325.147247
1295.053833 305.771545
1303.365112 288.160065
1318.071045 275.113922
1336.526978 268.953217
1355.783691 269.484589
1060.729248 386.683655
1054.258057 405.105072
1041.310547 419.636902
1023.746582 428.123688
1004.277893 428.781708
985.852112 422.812958
971.299988 409.817108
962.866150 392.309448
961.700134 372.798340
968.166931 354.452179
981.114380 339.802551
998.679199 331.328156
1018.152649 330.211426
1036.573364 336.642944
1051.123535 349.634155
1059.559692 367.250854
1183.479370 334.388275
1196.565430 349.013916
1203.331177 367.317535
1202.317139 386.759247
1194.034790 404.168549
1179.613647 417.075653
1161.329834 423.404724
1141.894653 422.493042
1124.270630 414.619171
1111.162842 400.299622
1104.467529 382.247528
1105.403931 362.762451
1113.794678 345.093781
1128.161743 331.822540
1146.442139 325.220764
1165.892944 326.141174
1373.435181 277.979919
1386.568359 292.037231
1392.418335 310.286163
1388.619629 329.296539
1383.716675 347.610077
1369.351685 360.707825
1351.186401 366.856293
1331.559204 366.198608
1314.569946 357.596039
1300.744629 343.575592
1294.186890 325.147247
1295.053833 305.771545
1303.365112 288.160065
1318.071045 275.113922
1336.526978 268.953217
1355.783691 269.484589
172
0.000000 0.000000
0.000000 0.000000
0.000000 0.000000
0.000000 0.000000
0.000000 0.000000
0.000000 0.000000
0.000000 0.000000
0.000000 0.000000
0.000000 0.000000
0.000000 0.000000
0.000000 0.000000
0.000000 0.000000
0.000000 0.000000
0.000000 0.000000
0.000000 0.000000
0.000000 0.000000
0.000000 0.000000
0.000000 0.000000
0.000000 0.000000
0.000000 0.000000
0.000000 0.000000
0.000000 0.000000
0.000000 0.000000
0.000000 0.000000
0.000000 0.000000
0.000000 0.000000
0.000000 0.000000
0.000000 0.000000
0.000000 0.000000
0.000000 0.000000
0.000000 0.000000
0.000000 0.000000
0.001510 0.010446
0.001185 0.007509
-0.001412 0.006441
-0.002474 0.005818
-0.002940 0.005789
-0.003500 0.006068
-0.005281 0.005918
-0.009110 0.003914
-0.014530 -0.000380
-0.021428 -0.007401
-0.013714 -0.012587
-0.008487 -0.005259
-0.000534 0.005646
0.001408 0.009321
-0.002769 0.005319
-0.002585 0.005443
-0.001930 0.005198
-0.000344 0.005093
0.002928 0.005535
0.005737 0.006928
-0.168617 0.122673
-0.170808 0.122878
-0.174712 0.120052
-0.178216 0.115509
-0.178541 0.113346
-0.177417 0.113834
-0.177299 0.113886
-0.175296 0.114040
-0.168167 0.117288
-0.157467 0.124336
-0.164157 0.133307
-0.174414 0.124638
-0.178495 0.117987
-0.178477 0.115346
-0.178076 0.114662
-0.178315 0.113136
-0.176083 0.113113
-0.171355 0.117008
-0.168830 0.120650
-0.167719 0.121302
0.090740 0.001882
0.080314 0.006087
0.069938 0.012932
0.058815 0.020678
0.031047 0.018537
0.016707 0.010719
0.008253 0.009551
0.002158 0.007765
0.000936 0.003244
0.000421 0.001485
0.000094 0.000529
0.002514 0.002714
0.000716 0.003695
0.005609 0.001981
0.017830 -0.000163
0.038198 -0.001745
0.062895 0.001879
0.073922 0.001463
0.082884 0.001291
0.096254 -0.005548
0.012871 -0.026824
0.008846 -0.025070
0.007984 -0.025534
0.009802 -0.030935
0.010636 -0.033021
0.009090 -0.037221
0.007885 -0.036568
0.006439 -0.036381
0.012221 -0.040656
0.014571 -0.030630
0.017078 -0.031309
0.016824 -0.027395
0.018841 -0.030359
0.018092 -0.033734
0.018825 -0.028335
0.016997 -0.027490
0.067443 -0.013564
0.060649 -0.009387
0.081029 -0.009971
0.116457 -0.003707
0.066356 -0.008949
0.062975 -0.016631
0.065510 -0.011653
0.062607 -0.019386
0.063061 -0.012047
0.064814 -0.016635
0.058696 -0.014762
0.067045 -0.016960
0.060799 -0.019453
0.067190 -0.014543
0.069016 -0.016520
0.064352 -0.007785
0.068345 0.003990
0.067385 0.003033
0.067012 0.004041
0.066153 0.002568
0.066149 0.001206
0.066936 0.001744
0.066233 0.002148
0.066689 0.000300
0.066742 0.001568
0.067880 -0.000012
0.068131 0.001526
0.068979 0.003399
0.068939 0.002261
0.068153 0.004113
0.069050 0.003142
0.068489 0.002693
0.040581 -0.093274
0.050457 -0.112195
0.040708 -0.100525
0.053826 -0.102389
0.042501 -0.105755
0.048459 -0.087715
0.046966 -0.096493
0.041409 -0.087545
0.049815 -0.097618
0.040057 -0.100335
0.048049 -0.104571
0.036258 -0.100720
0.046979 -0.106270
0.040548 -0.101631
0.042506 -0.096715
0.047897 -0.106475
0.067443 -0.013564
0.060649 -0.009387
0.081029 -0.009971
0.116457 -0.003707
0.066356 -0.008949
0.062975 -0.016631
0.065510 -0.011653
0.062607 -0.019386
0.063061 -0.012047
0.064814 -0.016635
0.058696 -0.014762
0.067045 -0.016960
0.060799 -0.019453
0.067190 -0.014543
0.069016 -0.016520
0.064352 -0.007785
172
-589.187500 298.937500
-486.187500 5.937500
-428.187500 -294.062500
-384.187500 -809.062500
734.812500 -827.062500
363.812500 -699.062500
-286.187500 -693.062500
-349.187500 -357.062500
-76.187500 -2.062500
-286.187500 306.937500
-108.187500 649.937500
423.812500 654.937500
552.812500 67.937500
712.812500 45.937500
697.812500 800.937500
-492.187500 849.937500
1259.000000 47.000000
1255.193970 66.134171
1244.355347 82.355339
1228.134155 93.193977
1209.000000 97.000000
1189.865845 93.193977
1173.644653 82.355339
1162.806030 66.134171
1159.000000 47.000008
1162.806030 27.865839
1173.644653 11.644670
1189.865845 0.806025
1209.000000 -3.000000
1228.134155 0.806028
1244.355347 11.644673
1255.193970 27.865850
1287.000000 -309.000000
1357.000000 -309.000000
1427.000000 -309.000000
1497.000000 -309.000000
1567.000000 -309.000000
1637.000000 -309.000000
1707.000000 -309.000000
1777.000000 -309.000000
1847.000000 -309.000000
1917.000000 -309.000000
1917.000000 -239.000000
1847.000000 -239.000000
1777.000000 -239.000000
1707.000000 -239.000000
1637.000000 -239.000000
1567.000000 -239.000000
1497.000000 -239.000000
1427.000000 -239.000000
1357.000000 -239.000000
1287.000000 -239.000000
1245.000000 -374.000000
1315.000000 -374.000000
1385.000000 -374.000000
1455.000000 -374.000000
1525.000000 -374.000000
1595.000000 -374.000000
1665.000000 -374.000000
1735.000000 -374.000000
1805.000000 -374.000000
1875.000000 -374.000000
1875.000000 -304.000000
1805.000000 -304.000000
1735.000000 -304.000000
1665.000000 -304.000000
1595.000000 -304.000000
1525.000000 -304.000000
1455.000000 -304.000000
1385.000000 -304.000000
1315.000000 -304.000000
1245.000000 -304.000000
1331.000000 -278.000000
1401.000000 -278.000000
1471.000000 -278.000000
1541.000000 -278.000000
1611.000000 -278.000000
1681.000000 -278.000000
1751.000000 -278.000000
1821.000000 -278.000000
1891.000000 -278.000000
1961.000000 -278.000000
1961.000000 -208.000000
1891.000000 -208.000000
1821.000000 -208.000000
1751.000000 -208.000000
1681.000000 -208.000000
1611.000000 -208.000000
1541.000000 -208.000000
1471.000000 -208.000000
1401.000000 -208.000000
1331.000000 -208.000000
1351.000000 -255.000000
1347.193970 -235.865829
1336.355347 -219.644669
1320.134155 -208.806030
1301.000000 -205.000000
1281.865845 -208.806030
1265.644653 -219.644669
1254.806030 -235.865829
1251.000000 -255.000000
1254.806030 -274.134155
1265.644653 -290.355316
1281.865845 -301.193970
1301.000000 -305.000000
1320.134155 -301.193970
1336.355347 -290.355316
1347.193970 -274.134155
1351.000000 -255.000000
1347.193970 -235.865829
1336.355347 -219.644669
1320.134155 -208.806030
1301.000000 -205.000000
1281.865845 -208.806030
1265.644653 -219.644669
1254.806030 -235.865829
1251.000000 -255.000000
1254.806030 -274.134155
1265.644653 -290.355316
1281.865845 -301.193970
1301.000000 -305.000000
1320.134155 -301.193970
1336.355347 -290.355316
1347.193970 -274.134155
1351.000000 -255.000000
1347.193970 -235.865829
1336.355347 -219.644669
1320.134155 -208.806030
1301.000000 -205.000000
1281.865845 -208.806030
1265.644653 -219.644669
1254.806030 -235.865829
1251.000000 -255.000000
1254.806030 -274.134155
1265.644653 -290.355316
1281.865845 -301.193970
1301.000000 -305.000000
1320.134155 -301.193970
1336.355347 -290.355316
1347.193970 -274.134155
1351.000000 -255.000000
1347.193970 -235.865829
1336.355347 -219.644669
1320.134155 -208.806030
1301.000000 -205.000000
1281.865845 -208.806030
1265.644653 -219.644669
1254.806030 -235.865829
1251.000000 -255.000000
1254.806030 -274.134155
1265.644653 -290.355316
1281.865845 -301.193970
1301.000000 -305.000000
1320.134155 -301.193970
1336.355347 -290.355316
1347.193970 -274.134155
1351.000000 -255.000000
1347.193970 -235.865829
1336.355347 -219.644669
1320.134155 -208.806030
1301.000000 -205.000000
1281.865845 -208.806030
1265.644653 -219.644669
1254.806030 -235.865829
1251.000000 -255.000000
1254.806030 -274.134155
1265.644653 -290.355316
1281.865845 -301.193970
1301.000000 -305.000000
1320.134155 -301.193970
1336.355347 -290.355316
1347.193970 -274.134155
shapes=34
start=0 end=16 texture=0 resourceId=0 stiffness=1.000000 damping=1.000000 volume=0.000000 isStatic=1 selfIntersecting=0 parentId=-1 indices=65535,65535,65535,65535 interiorEdges=0,0,0,0
start=16 end=32 texture=0 resourceId=0 stiffness=1.000000 damping=1.000000 volume=300.000000 isStatic=1 selfIntersecting=0 parentId=-1 indices=65535,65535,65535,65535 interiorEdges=0,0,0,0
start=32 end=52 texture=0 resourceId=0 stiffness=1.000000 damping=1.000000 volume=0.000000 isStatic=0 selfIntersecting=1 parentId=0 indices=0,1,18,19 interiorEdges=0,1,0,0
start=32 end=52 texture=0 resourceId=0 stiffness=1.000000 damping=1.000000 volume=0.000000 isStatic=0 selfIntersecting=1 parentId=0 indices=1,2,17,18 interiorEdges=0,1,0,1
start=32 end=52 texture=0 resourceId=0 stiffness=1.000000 damping=1.000000 volume=0.000000 isStatic=0 selfIntersecting=1 parentId=0 indices=2,3,16,17 interiorEdges=0,1,0,1
start=32 end=52 texture=0 resourceId=0 stiffness=1.000000 damping=1.000000 volume=0.000000 isStatic=0 selfIntersecting=1 parentId=0 indices=3,4,15,16 interiorEdges=0,1,0,1
start=32 end=52 texture=0 resourceId=0 stiffness=1.000000 damping=1.000000 volume=0.000000 isStatic=0 selfIntersecting=1 parentId=0 indices=4,5,14,15 interiorEdges=0,1,0,1
start=32 end=52 texture=0 resourceId=0 stiffness=1.000000 damping=1.000000 volume=0.000000 isStatic=0 selfIntersecting=1 parentId=0 indices=5,6,13,14 interiorEdges=0,1,0,1
start=32 end=52 texture=0 resourceId=0 stiffness=1.000000 damping=1.000000 volume=0.000000 isStatic=0 selfIntersecting=1 parentId=0 indices=6,7,12,13 interiorEdges=0,1,0,1
start=32 end=52 texture=0 resourceId=0 stiffness=1.000000 damping=1.000000 volume=0.000000 isStatic=0 selfIntersecting=1 parentId=0 indices=7,8,11,12 interiorEdges=0,1,0,1
start=32 end=52 texture=0 resourceId=0 stiffness=1.000000 damping=1.000000 volume=0.000000 isStatic=0 selfIntersecting=1 parentId=0 indices=8,9,10,11 interiorEdges=0,0,0,1
start=52 end=72 texture=0 resourceId=0 stiffness=1.000000 damping=1.000000 volume=0.000000 isStatic=0 selfIntersecting=1 parentId=1 indices=0,1,18,19 interiorEdges=0,1,0,0
start=52 end=72 texture=0 resourceId=0 stiffness=1.000000 damping=1.000000 volume=0.000000 isStatic=0 selfIntersecting=1 parentId=1 indices=1,2,17,18 interiorEdges=0,1,0,1
start=52 end=72 texture=0 resourceId=0 stiffness=1.000000 damping=1.000000 volume=0.000000 isStatic=0 selfIntersecting=1 parentId=1 indices=2,3,16,17 interiorEdges=0,1,0,1
start=52 end=72 texture=0 resourceId=0 stiffness=1.000000 damping=1.000000 volume=0.000000 isStatic=0 selfIntersecting=1 parentId=1 indices=3,4,15,16 interiorEdges=0,1,0,1
start=52 end=72 texture=0 resourceId=0 stiffness=1.000000 damping=1.000000 volume=0.000000 isStatic=0 selfIntersecting=1 parentId=1 indices=4,5,14,15 interiorEdges=0,1,0,1
start=52 end=72 texture=0 resourceId=0 stiffness=1.000000 damping=1.000000 volume=0.000000 isStatic=0 selfIntersecting=1 parentId=1 indices=5,6,13,14 interiorEdges=0,1,0,1
start=52 end=72 texture=0 resourceId=0 stiffness=1.000000 damping=1.000000 volume=0.000000 isStatic=0 selfIntersecting=1 parentId=1 indices=6,7,12,13 interiorEdges=0,1,0,1
start=52 end=72 texture=0 resourceId=0 stiffness=1.000000 damping=1.000000 volume=0.000000 isStatic=0 selfIntersecting=1 parentId=1 indices=7,8,11,12 interiorEdges=0,1,0,1
start=52 end=72 texture=0 resourceId=0 stiffness=1.000000 damping=1.000000 volume=0.000000 isStatic=0 selfIntersecting=1 parentId=1 indices=8,9,10,11 interiorEdges=0,0,0,1
start=72 end=92 texture=0 resourceId=0 stiffness=1.000000 damping=1.000000 volume=0.000000 isStatic=0 selfIntersecting=1 parentId=2 indices=0,1,18,19 interiorEdges=0,1,0,0
start=72 end=92 texture=0 resourceId=0 stiffness=1.000000 damping=1.000000 volume=0.000000 isStatic=0 selfIntersecting=1 parentId=2 indices=1,2,17,18 interiorEdges=0,1,0,1
start=72 end=92 texture=0 resourceId=0 stiffness=1.000000 damping=1.000000 volume=0.000000 isStatic=0 selfIntersecting=1 parentId=2 indices=2,3,16,17 interiorEdges=0,1,0,1
start=72 end=92 texture=0 resourceId=0 stiffness=1.000000 damping=1.000000 volume=0.000000 isStatic=0 selfIntersecting=1 parentId=2 indices=3,4,15,16 interiorEdges=0,1,0,1
start=72 end=92 texture=0 resourceId=0 stiffness=1.000000 damping=1.000000 volume=0.000000 isStatic=0 selfIntersecting=1 parentId=2 indices=4,5,14,15 interiorEdges=0,1,0,1
start=72 end=92 texture=0 resourceId=0 stiffness=1.000000 damping=1.000000 volume=0.000000 isStatic=0 selfIntersecting=1 parentId=2 indices=5,6,13,14 interiorEdges=0,1,0,1
start=72 end=92 texture=0 resourceId=0 stiffness=1.000000 damping=1.000000 volume=0.000000 isStatic=0 selfIntersecting=1 parentId=2 indices=6,7,12,13 interiorEdges=0,1,0,1
start=72 end=92 texture=0 resourceId=0 stiffness=1.000000 damping=1.000000 volume=0.000000 isStatic=0 selfIntersecting=1 parentId=2 indices=7,8,11,12 interiorEdges=0,1,0,1
start=72 end=92 texture=0 resourceId=0 stiffness=1.000000 damping=1.000000 volume=0.000000 isStatic=0 selfIntersecting=1 parentId=2 indices=8,9,10,11 interiorEdges=0,0,0,1
start=92 end=108 texture=0 resourceId=0 stiffness=1.000000 damping=1.000000 volume=300.000000 isStatic=0 selfIntersecting=0 parentId=-1 indices=65535,65535,65535,65535 interiorEdges=0,0,0,0
start=108 end=124 texture=0 resourceId=0 stiffness=1.000000 damping=1.000000 volume=300.000000 isStatic=0 selfIntersecting=0 parentId=-1 indices=65535,65535,65535,65535 interiorEdges=0,0,0,0
start=124 end=140 texture=0 resourceId=0 stiffness=1.000000 damping=1.000000 volume=300.000000 isStatic=0 selfIntersecting=0 parentId=-1 indices=65535,65535,65535,65535 interiorEdges=0,0,0,0
start=140 end=156 texture=0 resourceId=0 stiffness=1.000000 damping=1.000000 volume=300.000000 isStatic=0 selfIntersecting=0 parentId=-1 indices=65535,65535,65535,65535 interiorEdges=0,0,0,0
start=156 end=172 texture=0 resourceId=0 stiffness=1.000000 damping=1.000000 volume=300.000000 isStatic=0 selfIntersecting=0 parentId=-1 indices=65535,65535,65535,65535 interiorEdges=0,0,0,0
staticjoints=0
