5
4.000000
4.000000
4.000000
4.000000
4.000000
5
18.600006 -37.800003
68.600006 -37.800003
68.600006 12.199997
-46.399994 40.199997
-109.399994 23.199997
5
0.000000 0.000000
0.000000 0.000000
0.000000 0.000000
0.000000 0.000000
0.000000 0.000000
5
644.000000 72.000000
694.000000 72.000000
694.000000 122.000000
572.000000 104.000000
644.000000 122.000000
shapes=1
start=0 end=5 stiffness=1.000000 damping=1.000000 volume=0.000000 isStatic=1 selfIntersecting=0 parentId=-1 indices=65535,65535,65535,65535 interiorEdges=0,0,0,0
staticjoints=0
