32
1.000000
1.000000
1.000000
1.000000
1.000000
1.000000
1.000000
1.000000
1.000000
1.000000
1.000000
1.000000
1.000000
1.000000
1.000000
1.000000
1.000000
1.000000
1.000000
1.000000
1.000000
1.000000
1.000000
1.000000
1.000000
1.000000
1.000000
1.000000
1.000000
1.000000
1.000000
1.000000
32
-35.970123 17.496994
-38.692474 10.143341
-39.927917 2.399948
-39.628906 -5.435730
-37.806946 -13.062546
-34.532104 -20.187317
-29.930237 -26.536331
-24.178162 -31.865540
-17.496948 -35.970200
-10.143341 -38.692505
-2.399902 -39.927917
5.435760 -39.628906
13.062531 -37.806992
20.187317 -34.532181
26.536377 -29.930298
31.865540 -24.178192
35.970184 -17.496964
38.692505 -10.143311
39.927979 -2.399902
39.628967 5.435776
37.806976 13.062576
34.532166 20.187363
29.930298 26.536346
24.178253 31.865524
17.496948 35.970215
10.143372 38.692566
2.399872 39.927948
-5.435791 39.628937
-13.062531 37.807007
-20.187317 34.532166
-26.536316 29.930283
-31.865540 24.178192
32
0.000000 0.000000
0.000000 0.000000
0.000000 0.000000
0.000000 0.000000
0.000000 0.000000
0.000000 0.000000
0.000000 0.000000
0.000000 0.000000
0.000000 0.000000
0.000000 0.000000
0.000000 0.000000
0.000000 0.000000
0.000000 0.000000
0.000000 0.000000
0.000000 0.000000
0.000000 0.000000
0.000000 0.000000
0.000000 0.000000
0.000000 0.000000
0.000000 0.000000
0.000000 0.000000
0.000000 0.000000
0.000000 0.000000
0.000000 0.000000
0.000000 0.000000
0.000000 0.000000
0.000000 0.000000
0.000000 0.000000
0.000000 0.000000
0.000000 0.000000
0.000000 0.000000
0.000000 0.000000
32
-35.970123 17.496994
-38.692474 10.143341
-39.927917 2.399948
-39.628906 -5.435730
-37.806946 -13.062546
-34.532104 -20.187317
-29.930237 -26.536331
-24.178162 -31.865540
-17.496948 -35.970200
-10.143341 -38.692505
-2.399902 -39.927917
5.435760 -39.628906
13.062531 -37.806992
20.187317 -34.532181
26.536377 -29.930298
31.865540 -24.178192
35.970184 -17.496964
38.692505 -10.143311
39.927979 -2.399902
39.628967 5.435776
37.806976 13.062576
34.532166 20.187363
29.930298 26.536346
24.178253 31.865524
17.496948 35.970215
10.143372 38.692566
2.399872 39.927948
-5.435791 39.628937
-13.062531 37.807007
-20.187317 34.532166
-26.536316 29.930283
-31.865540 24.178192
shapes=1
start=0 end=32 texture=0 stiffness=1.000000 damping=1.000000 volume=300.000000 isStatic=0 selfIntersecting=0 parentId=-1 indices=65535,65535,65535,65535 interiorEdges=0,0,0,0
staticjoints=0
