4
1.000000
1.000000
1.000000
1.000000
4
-658.500000 -40.000000
658.500000 -40.000000
658.500000 40.000000
-658.500000 40.000000
4
0.000000 0.000000
0.000000 0.000000
0.000000 0.000000
0.000000 0.000000
4
-658.500000 -40.000000
658.500000 -40.000000
658.500000 40.000000
-658.500000 40.000000
shapes=1
start=0 end=4 texture=0 resourceId=0 stiffness=1.000000 damping=1.000000 volume=0.000000 isStatic=0 selfIntersecting=0 parentId=-1 indices=65535,65535,65535,65535 interiorEdges=0,0,0,0
staticjoints=0
