40
1.000000
1.000000
1.000000
1.000000
1.000000
1.000000
1.000000
1.000000
1.000000
1.000000
1.000000
1.000000
1.000000
1.000000
1.000000
1.000000
1.000000
1.000000
1.000000
1.000000
1.000000
1.000000
1.000000
1.000000
1.000000
1.000000
1.000000
1.000000
1.000000
1.000000
1.000000
1.000000
1.000000
1.000000
1.000000
1.000000
1.000000
1.000000
1.000000
1.000000
40
961.031128 325.039124
936.128235 239.293121
916.007141 186.152664
935.944092 239.371307
959.526245 320.114288
974.593079 375.312927
1007.660706 417.405121
1057.442871 438.948395
1116.927490 439.669281
1182.148804 428.230591
1193.948364 497.179840
1121.007568 509.173279
1041.677979 505.929535
966.903015 471.886719
914.406006 409.229889
891.685242 336.065796
914.746399 276.870148
934.487000 235.020325
970.441895 255.850876
1020.374146 295.898163
1218.644043 436.690094
1229.442871 367.585236
1240.603027 298.373962
1252.638184 229.116745
1265.950562 159.991714
1280.791260 91.146530
1297.147583 22.652332
1314.867920 -45.458958
1333.636230 -113.131195
1352.677856 -180.530151
1420.054688 -161.533615
1401.060913 -94.269325
1382.491333 -27.267040
1365.071411 39.660351
1349.074585 106.699745
1334.570557 173.994583
1321.528320 241.697754
1309.677979 309.881287
1298.590210 378.517944
1287.728027 447.550842
40
0.075501 0.076271
-0.164388 0.119564
-0.029806 -0.051933
0.041853 -0.160024
0.146500 0.087052
0.186987 0.135687
0.170871 0.139978
0.155434 0.218816
0.146611 0.291185
0.130776 0.335062
0.098733 0.342338
0.089999 0.278503
0.084626 0.189839
0.121785 0.127979
0.137065 0.182802
0.313406 0.268380
0.422979 -0.156384
0.068051 0.193971
0.098917 0.040929
0.108172 -0.027474
-0.073365 0.041633
-0.061459 0.045810
-0.052415 0.049668
-0.042346 0.052663
-0.034592 0.055680
-0.034748 0.057403
-0.043095 0.056333
-0.052150 0.052830
-0.056810 0.047340
-0.054182 0.047809
-0.054514 0.049586
-0.055855 0.046742
-0.050901 0.045537
-0.041150 0.048507
-0.034150 0.053932
-0.035434 0.058612
-0.043834 0.060544
-0.054148 0.060021
-0.063424 0.058840
-0.078877 0.059741
40
1245.000000 -374.000000
1315.000000 -374.000000
1385.000000 -374.000000
1455.000000 -374.000000
1525.000000 -374.000000
1595.000000 -374.000000
1665.000000 -374.000000
1735.000000 -374.000000
1805.000000 -374.000000
1875.000000 -374.000000
1875.000000 -304.000000
1805.000000 -304.000000
1735.000000 -304.000000
1665.000000 -304.000000
1595.000000 -304.000000
1525.000000 -304.000000
1455.000000 -304.000000
1385.000000 -304.000000
1315.000000 -304.000000
1245.000000 -304.000000
1331.000000 -278.000000
1401.000000 -278.000000
1471.000000 -278.000000
1541.000000 -278.000000
1611.000000 -278.000000
1681.000000 -278.000000
1751.000000 -278.000000
1821.000000 -278.000000
1891.000000 -278.000000
1961.000000 -278.000000
1961.000000 -208.000000
1891.000000 -208.000000
1821.000000 -208.000000
1751.000000 -208.000000
1681.000000 -208.000000
1611.000000 -208.000000
1541.000000 -208.000000
1471.000000 -208.000000
1401.000000 -208.000000
1331.000000 -208.000000
shapes=18
start=0 end=20 volume=0.000000 isStatic=0 selfIntersecting=1 parentId=1 indices=0,1,18,19 interiorEdges=0,1,0,0
start=0 end=20 volume=0.000000 isStatic=0 selfIntersecting=1 parentId=1 indices=1,2,17,18 interiorEdges=0,1,0,1
start=0 end=20 volume=0.000000 isStatic=0 selfIntersecting=1 parentId=1 indices=2,3,16,17 interiorEdges=0,1,0,1
start=0 end=20 volume=0.000000 isStatic=0 selfIntersecting=1 parentId=1 indices=3,4,15,16 interiorEdges=0,1,0,1
start=0 end=20 volume=0.000000 isStatic=0 selfIntersecting=1 parentId=1 indices=4,5,14,15 interiorEdges=0,1,0,1
start=0 end=20 volume=0.000000 isStatic=0 selfIntersecting=1 parentId=1 indices=5,6,13,14 interiorEdges=0,1,0,1
start=0 end=20 volume=0.000000 isStatic=0 selfIntersecting=1 parentId=1 indices=6,7,12,13 interiorEdges=0,1,0,1
start=0 end=20 volume=0.000000 isStatic=0 selfIntersecting=1 parentId=1 indices=7,8,11,12 interiorEdges=0,1,0,1
start=0 end=20 volume=0.000000 isStatic=0 selfIntersecting=1 parentId=1 indices=8,9,10,11 interiorEdges=0,0,0,1
start=20 end=40 volume=0.000000 isStatic=0 selfIntersecting=1 parentId=2 indices=0,1,18,19 interiorEdges=0,1,0,0
start=20 end=40 volume=0.000000 isStatic=0 selfIntersecting=1 parentId=2 indices=1,2,17,18 interiorEdges=0,1,0,1
start=20 end=40 volume=0.000000 isStatic=0 selfIntersecting=1 parentId=2 indices=2,3,16,17 interiorEdges=0,1,0,1
start=20 end=40 volume=0.000000 isStatic=0 selfIntersecting=1 parentId=2 indices=3,4,15,16 interiorEdges=0,1,0,1
start=20 end=40 volume=0.000000 isStatic=0 selfIntersecting=1 parentId=2 indices=4,5,14,15 interiorEdges=0,1,0,1
start=20 end=40 volume=0.000000 isStatic=0 selfIntersecting=1 parentId=2 indices=5,6,13,14 interiorEdges=0,1,0,1
start=20 end=40 volume=0.000000 isStatic=0 selfIntersecting=1 parentId=2 indices=6,7,12,13 interiorEdges=0,1,0,1
start=20 end=40 volume=0.000000 isStatic=0 selfIntersecting=1 parentId=2 indices=7,8,11,12 interiorEdges=0,1,0,1
start=20 end=40 volume=0.000000 isStatic=0 selfIntersecting=1 parentId=2 indices=8,9,10,11 interiorEdges=0,0,0,1
springs=92
0 19 70.000000 4.500000 180.899994 0
1 18 70.000000 4.500000 180.899994 0
0 1 70.000000 4.500000 180.899994 0
19 18 70.000000 4.500000 180.899994 0
1 19 98.994949 4.500000 180.899994 0
18 0 98.994949 4.500000 180.899994 0
2 17 70.000000 4.500000 180.899994 1
1 2 70.000000 4.500000 180.899994 1
18 17 70.000000 4.500000 180.899994 1
2 18 98.994949 4.500000 180.899994 1
17 1 98.994949 4.500000 180.899994 1
3 16 70.000000 4.500000 180.899994 2
2 3 70.000000 4.500000 180.899994 2
17 16 70.000000 4.500000 180.899994 2
3 17 98.994949 4.500000 180.899994 2
16 2 98.994949 4.500000 180.899994 2
4 15 70.000000 4.500000 180.899994 3
3 4 70.000000 4.500000 180.899994 3
16 15 70.000000 4.500000 180.899994 3
4 16 98.994949 4.500000 180.899994 3
15 3 98.994949 4.500000 180.899994 3
5 14 70.000000 4.500000 180.899994 4
4 5 70.000000 4.500000 180.899994 4
15 14 70.000000 4.500000 180.899994 4
5 15 98.994949 4.500000 180.899994 4
14 4 98.994949 4.500000 180.899994 4
6 13 70.000000 4.500000 180.899994 5
5 6 70.000000 4.500000 180.899994 5
14 13 70.000000 4.500000 180.899994 5
6 14 98.994949 4.500000 180.899994 5
13 5 98.994949 4.500000 180.899994 5
7 12 70.000000 4.500000 180.899994 6
6 7 70.000000 4.500000 180.899994 6
13 12 70.000000 4.500000 180.899994 6
7 13 98.994949 4.500000 180.899994 6
12 6 98.994949 4.500000 180.899994 6
8 11 70.000000 4.500000 180.899994 7
7 8 70.000000 4.500000 180.899994 7
12 11 70.000000 4.500000 180.899994 7
8 12 98.994949 4.500000 180.899994 7
11 7 98.994949 4.500000 180.899994 7
9 10 70.000000 4.500000 180.899994 8
8 9 70.000000 4.500000 180.899994 8
11 10 70.000000 4.500000 180.899994 8
9 11 98.994949 4.500000 180.899994 8
10 8 98.994949 4.500000 180.899994 8
20 39 70.000000 4.500000 180.899994 9
21 38 70.000000 4.500000 180.899994 9
20 21 70.000000 4.500000 180.899994 9
39 38 70.000000 4.500000 180.899994 9
21 39 98.994949 4.500000 180.899994 9
38 20 98.994949 4.500000 180.899994 9
22 37 70.000000 4.500000 180.899994 10
21 22 70.000000 4.500000 180.899994 10
38 37 70.000000 4.500000 180.899994 10
22 38 98.994949 4.500000 180.899994 10
37 21 98.994949 4.500000 180.899994 10
23 36 70.000000 4.500000 180.899994 11
22 23 70.000000 4.500000 180.899994 11
37 36 70.000000 4.500000 180.899994 11
23 37 98.994949 4.500000 180.899994 11
36 22 98.994949 4.500000 180.899994 11
24 35 70.000000 4.500000 180.899994 12
23 24 70.000000 4.500000 180.899994 12
36 35 70.000000 4.500000 180.899994 12
24 36 98.994949 4.500000 180.899994 12
35 23 98.994949 4.500000 180.899994 12
25 34 70.000000 4.500000 180.899994 13
24 25 70.000000 4.500000 180.899994 13
35 34 70.000000 4.500000 180.899994 13
25 35 98.994949 4.500000 180.899994 13
34 24 98.994949 4.500000 180.899994 13
26 33 70.000000 4.500000 180.899994 14
25 26 70.000000 4.500000 180.899994 14
34 33 70.000000 4.500000 180.899994 14
26 34 98.994949 4.500000 180.899994 14
33 25 98.994949 4.500000 180.899994 14
27 32 70.000000 4.500000 180.899994 15
26 27 70.000000 4.500000 180.899994 15
33 32 70.000000 4.500000 180.899994 15
27 33 98.994949 4.500000 180.899994 15
32 26 98.994949 4.500000 180.899994 15
28 31 70.000000 4.500000 180.899994 16
27 28 70.000000 4.500000 180.899994 16
32 31 70.000000 4.500000 180.899994 16
28 32 98.994949 4.500000 180.899994 16
31 27 98.994949 4.500000 180.899994 16
29 30 70.000000 4.500000 180.899994 17
28 29 70.000000 4.500000 180.899994 17
31 30 70.000000 4.500000 180.899994 17
29 31 98.994949 4.500000 180.899994 17
30 28 98.994949 4.500000 180.899994 17
staticjoints=0
