58
4.000000
4.000000
4.000000
4.000000
4.000000
4.000000
4.000000
4.000000
4.000000
4.000000
4.000000
0.250000
0.250000
0.250000
0.250000
0.250000
0.250000
0.250000
0.250000
0.250000
0.250000
0.250000
0.250000
0.250000
0.250000
0.250000
0.250000
0.250000
0.250000
0.250000
0.250000
0.250000
0.250000
0.250000
0.250000
0.250000
0.250000
0.250000
0.250000
0.250000
0.250000
0.250000
0.250000
1.000000
1.000000
1.000000
1.000000
4.000000
4.000000
4.000000
4.000000
4.000000
1.000000
1.000000
1.000000
1.000000
1.000000
1.000000
58
-21.000000 481.000000
1230.000000 531.000000
1542.000000 -447.000000
1810.000000 -452.000000
2172.000000 125.000000
3149.000000 87.000000
3137.000000 457.000000
1773.000000 455.000000
1512.000000 868.000000
731.000000 758.000000
-10.000000 751.000000
456.062805 476.356476
453.964355 485.813873
448.563568 493.940491
440.404144 499.269653
430.902771 499.012787
421.285553 498.618195
413.215790 493.559143
408.008148 485.298157
406.125000 475.839050
408.230957 466.277863
413.620941 458.254486
421.781403 452.872833
431.326385 452.453125
440.915863 453.077454
448.969574 458.579132
454.171448 466.792938
532.779602 479.089935
530.746094 488.569427
525.385498 496.721100
517.256287 502.096527
507.761078 502.015900
498.131531 501.716949
490.035675 496.542480
484.762939 488.332428
482.829132 478.857025
484.870209 469.298157
490.222748 461.226562
498.354034 455.806519
507.896149 455.010254
517.488159 455.902344
525.574585 461.357910
530.836853 469.536774
404.440308 421.498718
524.378418 425.504883
523.381470 455.440216
403.443359 451.432495
418.600006 286.008667
468.600006 286.008667
468.600006 336.008698
353.600006 364.008698
290.600006 347.008667
697.000000 335.808685
747.000000 335.808685
747.000000 385.808716
697.000000 385.808716
800.000000 335.808685
800.000000 385.808716
58
0.000000 0.000000
0.000000 0.000000
0.000000 0.000000
0.000000 0.000000
0.000000 0.000000
0.000000 0.000000
0.000000 0.000000
0.000000 0.000000
0.000000 0.000000
0.000000 0.000000
0.000000 0.000000
0.015515 0.000624
0.015469 0.000806
0.015393 0.000516
0.015365 0.000460
0.014481 0.021225
0.015150 0.005910
0.015443 0.000232
0.015482 0.000441
0.015584 0.000257
0.015703 0.000535
0.015728 0.000353
0.015744 0.000328
0.015992 -0.009240
0.015721 0.000491
0.015660 0.000560
0.015507 0.000872
0.011045 0.000279
0.011659 0.000305
0.011091 0.000241
0.011135 0.000269
0.010747 0.008309
0.010962 0.004142
0.011138 0.000243
0.010587 0.000400
0.011149 0.000331
0.010501 -0.000142
0.011120 0.000370
0.011076 0.000258
0.011321 -0.008214
0.011077 0.000254
0.011077 0.000266
0.011700 -0.000210
0.006164 -0.000462
0.006070 -0.000193
0.006094 -0.000694
0.005956 -0.000911
0.000000 0.234897
0.000000 0.234897
0.000000 0.234897
0.000000 0.234897
0.000000 0.234897
0.000000 0.234897
0.000000 0.234897
0.000000 0.234897
0.000000 0.234897
0.000000 0.234897
0.000000 0.234897
58
959.000000 364.000000
1570.000000 295.000000
1411.000000 255.000000
1592.000000 80.000000
1878.000000 -204.000000
1009.000000 364.000000
2659.000000 381.000000
1380.000000 473.000000
1383.000000 640.000000
1009.000000 414.000000
959.000000 414.000000
445.000000 460.000000
443.096985 469.567078
437.677673 477.677673
429.567078 483.096985
420.000000 485.000000
410.432922 483.096985
402.322327 477.677673
396.903015 469.567078
395.000000 460.000000
396.903015 450.432922
402.322327 442.322327
410.432922 436.903015
420.000000 435.000000
429.567078 436.903015
437.677673 442.322327
443.096985 450.432922
525.000000 460.000000
523.096985 469.567078
517.677673 477.677673
509.567078 483.096985
500.000000 485.000000
490.432922 483.096985
482.322327 477.677673
476.903015 469.567078
475.000000 460.000000
476.903015 450.432922
482.322327 442.322327
490.432922 436.903015
500.000000 435.000000
509.567078 436.903015
517.677673 442.322327
523.096985 450.432922
400.000000 398.000000
520.000000 398.000000
520.000000 428.000000
400.000000 428.000000
18.600006 -37.800003
68.600006 -37.800003
68.600006 12.199997
-46.399994 40.199997
-109.399994 23.199997
-25.000000 -25.000000
25.000000 -25.000000
25.000000 25.000000
-25.000000 25.000000
78.000000 -25.000000
78.000000 25.000000
shapes=7
start=0 end=11 stiffness=1.000000 damping=1.000000 volume=0.000000 isStatic=1 selfIntersecting=0 parentId=-1 indices=65535,65535,65535,65535 interiorEdges=0,0,0,0
start=11 end=27 stiffness=1.000000 damping=1.000000 volume=300.000000 isStatic=0 selfIntersecting=0 parentId=-1 indices=65535,65535,65535,65535 interiorEdges=0,0,0,0
start=27 end=43 stiffness=1.000000 damping=1.000000 volume=300.000000 isStatic=0 selfIntersecting=0 parentId=-1 indices=65535,65535,65535,65535 interiorEdges=0,0,0,0
start=43 end=47 stiffness=1.000000 damping=1.000000 volume=0.000000 isStatic=0 selfIntersecting=0 parentId=-1 indices=65535,65535,65535,65535 interiorEdges=0,0,0,0
start=47 end=52 stiffness=1.000000 damping=1.000000 volume=0.000000 isStatic=0 selfIntersecting=0 parentId=-1 indices=65535,65535,65535,65535 interiorEdges=0,0,0,0
start=52 end=58 stiffness=1.000000 damping=1.000000 volume=0.000000 isStatic=0 selfIntersecting=0 parentId=0 indices=0,1,2,3 interiorEdges=0,1,0,0
start=52 end=58 stiffness=1.000000 damping=1.000000 volume=0.000000 isStatic=0 selfIntersecting=0 parentId=0 indices=1,4,5,2 interiorEdges=0,0,0,1
staticjoints=0
