16
0.200000
0.200000
0.200000
0.200000
0.200000
0.200000
0.200000
0.200000
0.200000
0.200000
0.200000
0.200000
0.200000
0.200000
0.200000
0.200000
16
1052.972900 498.682922
1056.098755 550.673279
1031.083984 588.211243
982.181946 605.915161
963.026001 634.238342
917.893127 630.423828
909.376648 469.036530
846.007812 601.253845
813.126404 551.849915
811.609680 526.627075
838.335083 473.639282
917.089172 597.311340
906.207336 436.066315
950.557678 426.870911
972.969360 452.695496
1023.636108 464.412598
16
-0.002587 -0.002848
-0.002582 -0.002847
-0.002586 -0.002851
-0.002572 -0.002846
-0.002573 -0.002851
-0.002573 -0.002846
-0.002571 -0.002846
-0.002574 -0.002847
-0.002570 -0.002851
-0.002574 -0.002850
-0.002570 -0.002848
-0.002573 -0.002845
-0.002570 -0.002847
-0.002571 -0.002851
-0.002572 -0.002846
-0.002570 -0.002850
16
109.999939 0.000031
101.626709 42.095215
77.781677 77.781769
42.095093 101.626770
-0.000061 110.000031
-42.095276 101.626770
-77.781799 77.781769
-101.626801 42.095215
-110.000061 0.000061
-101.626831 -42.095123
-77.781860 -77.781708
-42.095276 -101.626709
-0.000061 -109.999969
42.095154 -101.626709
77.781738 -77.781677
101.626709 -42.095093
shapes=1
start=0 end=16 texture=0 resourceId=0 stiffness=1.000000 damping=1.000000 volume=300.000000 isStatic=0 selfIntersecting=0 parentId=-1 indices=65535,65535,65535,65535 interiorEdges=0,0,0,0
diffs=0

