108
4.000000
4.000000
4.000000
4.000000
4.000000
4.000000
4.000000
4.000000
4.000000
4.000000
4.000000
4.000000
4.000000
4.000000
4.000000
4.000000
4.000000
4.000000
4.000000
4.000000
4.000000
4.000000
4.000000
4.000000
4.000000
4.000000
4.000000
4.000000
4.000000
4.000000
4.000000
4.000000
1.000000
1.000000
1.000000
1.000000
1.000000
1.000000
1.000000
1.000000
1.000000
1.000000
1.000000
1.000000
1.000000
1.000000
1.000000
1.000000
1.000000
1.000000
1.000000
1.000000
1.000000
1.000000
1.000000
1.000000
1.000000
1.000000
1.000000
1.000000
1.000000
1.000000
1.000000
1.000000
1.000000
1.000000
1.000000
1.000000
1.000000
1.000000
1.000000
1.000000
1.000000
1.000000
1.000000
1.000000
1.000000
1.000000
1.000000
1.000000
1.000000
1.000000
1.000000
1.000000
1.000000
1.000000
1.000000
1.000000
1.000000
1.000000
1.000000
1.000000
2.000000
2.000000
2.000000
2.000000
2.000000
2.000000
2.000000
2.000000
2.000000
2.000000
2.000000
2.000000
2.000000
2.000000
2.000000
2.000000
108
428.000000 77.000000
531.000000 -216.000000
589.000000 -516.000000
633.000000 -1031.000000
1752.000000 -1049.000000
1381.000000 -921.000000
731.000000 -915.000000
668.000000 -579.000000
941.000000 -224.000000
731.000000 85.000000
909.000000 428.000000
1441.000000 433.000000
1570.000000 -154.000000
1730.000000 -176.000000
1715.000000 579.000000
525.000000 628.000000
1236.000000 19.000000
1232.193970 38.134171
1221.355347 54.355347
1205.134155 65.193970
1186.000000 69.000000
1166.865845 65.193970
1150.644653 54.355347
1139.806030 38.134171
1136.000000 19.000000
1139.806030 -0.134163
1150.644653 -16.355331
1166.865845 -27.193977
1186.000000 -31.000000
1205.134155 -27.193970
1221.355347 -16.355331
1232.193970 -0.134148
1067.527344 92.906021
1121.785645 136.595459
1154.720825 191.667953
1164.005493 228.711731
1126.803467 246.756882
1066.859619 252.788696
1000.132385 240.106445
932.403992 227.319855
864.005249 215.818924
794.979614 204.749542
806.146179 135.701157
875.643250 146.692413
945.341431 158.552216
1015.509155 171.835144
1085.777588 192.323639
1163.666016 228.586792
1223.046265 254.461258
1160.230957 227.044220
1080.727539 189.867676
1024.232788 148.159943
1318.236694 431.677399
1284.941650 374.018982
1251.114136 316.113068
1218.101074 257.888885
1186.526001 198.619324
1134.981079 148.924561
1091.979370 92.274872
1051.543213 33.899929
1012.784546 -24.984556
974.643738 -83.848282
1033.371582 -121.874245
1071.419922 -63.214642
1109.595825 -5.164388
1148.662476 51.763058
1190.721191 106.768379
1235.164673 161.403839
1274.082275 220.448257
1310.878540 279.407196
1345.949951 338.880951
1377.695190 399.561798
1373.782837 422.012054
1386.046265 353.104340
1399.810791 285.016907
1414.659546 217.172836
1430.059204 149.508560
1445.597168 81.900520
1461.006836 14.221413
1476.189087 -53.623146
1491.202026 -121.680817
1506.247437 -189.901230
1574.579712 -174.843353
1559.481201 -106.610947
1544.574951 -38.426079
1529.368164 29.625395
1513.942627 97.473564
1498.433228 165.064468
1483.136841 232.384171
1468.485840 299.484253
1454.780884 366.484070
1440.973022 432.867279
1295.156006 -64.174522
1314.116943 -68.766899
1333.391846 -65.753242
1350.046387 -55.593262
1361.545044 -39.832912
1366.137207 -20.872055
1363.123901 -1.597220
1352.963745 15.057391
1337.203491 26.555811
1318.242676 31.148174
1298.967896 28.134523
1282.313232 17.974489
1270.814697 2.214131
1266.222412 -16.746641
1269.235840 -36.021503
1279.395874 -52.676128
108
0.000000 0.000000
0.000000 0.000000
0.000000 0.000000
0.000000 0.000000
0.000000 0.000000
0.000000 0.000000
0.000000 0.000000
0.000000 0.000000
0.000000 0.000000
0.000000 0.000000
0.000000 0.000000
0.000000 0.000000
0.000000 0.000000
0.000000 0.000000
0.000000 0.000000
0.000000 0.000000
0.000000 0.000000
0.000000 0.000000
0.000000 0.000000
0.000000 0.000000
0.000000 0.000000
0.000000 0.000000
0.000000 0.000000
0.000000 0.000000
0.000000 0.000000
0.000000 0.000000
0.000000 0.000000
0.000000 0.000000
0.000000 0.000000
0.000000 0.000000
0.000000 0.000000
0.000000 0.000000
-0.019349 -0.045733
0.002670 -0.059884
0.032341 -0.065967
0.024270 -0.025373
0.160276 -0.018974
0.003270 0.044390
0.024697 -0.046591
0.010842 -0.031932
-0.003771 -0.031547
-0.008511 -0.037032
-0.007354 -0.035454
-0.001730 -0.028235
0.001471 -0.029287
0.005513 -0.048655
-0.051889 -0.132922
0.008064 -0.038424
-0.024877 -0.001356
-0.040585 0.073198
0.016300 -0.040737
0.002785 -0.028670
-0.002179 0.009427
0.010568 -0.001274
0.019810 -0.012774
-0.032918 -0.000873
-0.182999 0.109144
0.053711 0.016995
0.023844 0.027350
0.006179 0.029891
-0.001904 0.029728
-0.003862 0.030327
-0.005301 0.030049
-0.005001 0.026733
0.000481 0.021495
0.010890 0.013166
0.034810 -0.011891
0.077736 -0.035015
0.062165 -0.009996
0.032957 0.004529
0.017552 0.012056
0.028622 0.026232
0.010313 -0.000063
0.008410 0.000140
0.005518 0.000811
0.001972 0.000119
0.000177 -0.000680
-0.000105 -0.001042
0.000128 -0.001115
0.000532 -0.001123
0.000953 -0.000765
0.000317 -0.000713
-0.000330 -0.001276
-0.001332 -0.001323
0.000397 -0.000875
0.000127 -0.000958
-0.000077 -0.001117
0.000440 -0.001534
0.002505 -0.001952
0.006055 -0.001654
0.008415 -0.000748
0.024805 0.017059
0.002482 0.327758
0.002481 0.327758
0.002481 0.327758
0.002481 0.327758
0.002481 0.327758
0.002481 0.327758
0.002480 0.327758
0.002481 0.327758
0.002480 0.327758
0.002480 0.327758
0.002480 0.327758
0.002480 0.327758
0.002481 0.327758
0.002480 0.327758
0.002481 0.327758
0.002481 0.327758
108
570.000000 233.000000
487.000000 162.000000
656.000000 -157.000000
641.000000 -536.000000
683.000000 -992.000000
1200.000000 -976.000000
641.000000 -683.000000
787.000000 -316.000000
546.000000 -35.000000
620.000000 233.000000
710.000000 493.000000
1427.000000 512.000000
1373.000000 599.000000
1545.000000 183.000000
620.000000 283.000000
570.000000 283.000000
1259.000000 47.000000
1255.193970 66.134171
1244.355347 82.355339
1228.134155 93.193977
1209.000000 97.000000
1189.865845 93.193977
1173.644653 82.355339
1162.806030 66.134171
1159.000000 47.000008
1162.806030 27.865839
1173.644653 11.644670
1189.865845 0.806025
1209.000000 -3.000000
1228.134155 0.806028
1244.355347 11.644673
1255.193970 27.865850
1287.000000 -309.000000
1357.000000 -309.000000
1427.000000 -309.000000
1497.000000 -309.000000
1567.000000 -309.000000
1637.000000 -309.000000
1707.000000 -309.000000
1777.000000 -309.000000
1847.000000 -309.000000
1917.000000 -309.000000
1917.000000 -239.000000
1847.000000 -239.000000
1777.000000 -239.000000
1707.000000 -239.000000
1637.000000 -239.000000
1567.000000 -239.000000
1497.000000 -239.000000
1427.000000 -239.000000
1357.000000 -239.000000
1287.000000 -239.000000
1245.000000 -374.000000
1315.000000 -374.000000
1385.000000 -374.000000
1455.000000 -374.000000
1525.000000 -374.000000
1595.000000 -374.000000
1665.000000 -374.000000
1735.000000 -374.000000
1805.000000 -374.000000
1875.000000 -374.000000
1875.000000 -304.000000
1805.000000 -304.000000
1735.000000 -304.000000
1665.000000 -304.000000
1595.000000 -304.000000
1525.000000 -304.000000
1455.000000 -304.000000
1385.000000 -304.000000
1315.000000 -304.000000
1245.000000 -304.000000
1331.000000 -278.000000
1401.000000 -278.000000
1471.000000 -278.000000
1541.000000 -278.000000
1611.000000 -278.000000
1681.000000 -278.000000
1751.000000 -278.000000
1821.000000 -278.000000
1891.000000 -278.000000
1961.000000 -278.000000
1961.000000 -208.000000
1891.000000 -208.000000
1821.000000 -208.000000
1751.000000 -208.000000
1681.000000 -208.000000
1611.000000 -208.000000
1541.000000 -208.000000
1471.000000 -208.000000
1401.000000 -208.000000
1331.000000 -208.000000
1351.000000 -255.000000
1347.193970 -235.865829
1336.355347 -219.644669
1320.134155 -208.806030
1301.000000 -205.000000
1281.865845 -208.806030
1265.644653 -219.644669
1254.806030 -235.865829
1251.000000 -255.000000
1254.806030 -274.134155
1265.644653 -290.355316
1281.865845 -301.193970
1301.000000 -305.000000
1320.134155 -301.193970
1336.355347 -290.355316
1347.193970 -274.134155
shapes=30
start=0 end=16 stiffness=1.000000 damping=1.000000 volume=0.000000 isStatic=1 selfIntersecting=0 parentId=-1 indices=65535,65535,65535,65535 interiorEdges=0,0,0,0
start=16 end=32 stiffness=1.000000 damping=1.000000 volume=300.000000 isStatic=1 selfIntersecting=0 parentId=-1 indices=65535,65535,65535,65535 interiorEdges=0,0,0,0
start=32 end=52 stiffness=1.000000 damping=1.000000 volume=0.000000 isStatic=0 selfIntersecting=1 parentId=0 indices=0,1,18,19 interiorEdges=0,1,0,0
start=32 end=52 stiffness=1.000000 damping=1.000000 volume=0.000000 isStatic=0 selfIntersecting=1 parentId=0 indices=1,2,17,18 interiorEdges=0,1,0,1
start=32 end=52 stiffness=1.000000 damping=1.000000 volume=0.000000 isStatic=0 selfIntersecting=1 parentId=0 indices=2,3,16,17 interiorEdges=0,1,0,1
start=32 end=52 stiffness=1.000000 damping=1.000000 volume=0.000000 isStatic=0 selfIntersecting=1 parentId=0 indices=3,4,15,16 interiorEdges=0,1,0,1
start=32 end=52 stiffness=1.000000 damping=1.000000 volume=0.000000 isStatic=0 selfIntersecting=1 parentId=0 indices=4,5,14,15 interiorEdges=0,1,0,1
start=32 end=52 stiffness=1.000000 damping=1.000000 volume=0.000000 isStatic=0 selfIntersecting=1 parentId=0 indices=5,6,13,14 interiorEdges=0,1,0,1
start=32 end=52 stiffness=1.000000 damping=1.000000 volume=0.000000 isStatic=0 selfIntersecting=1 parentId=0 indices=6,7,12,13 interiorEdges=0,1,0,1
start=32 end=52 stiffness=1.000000 damping=1.000000 volume=0.000000 isStatic=0 selfIntersecting=1 parentId=0 indices=7,8,11,12 interiorEdges=0,1,0,1
start=32 end=52 stiffness=1.000000 damping=1.000000 volume=0.000000 isStatic=0 selfIntersecting=1 parentId=0 indices=8,9,10,11 interiorEdges=0,0,0,1
start=52 end=72 stiffness=1.000000 damping=1.000000 volume=0.000000 isStatic=0 selfIntersecting=1 parentId=1 indices=0,1,18,19 interiorEdges=0,1,0,0
start=52 end=72 stiffness=1.000000 damping=1.000000 volume=0.000000 isStatic=0 selfIntersecting=1 parentId=1 indices=1,2,17,18 interiorEdges=0,1,0,1
start=52 end=72 stiffness=1.000000 damping=1.000000 volume=0.000000 isStatic=0 selfIntersecting=1 parentId=1 indices=2,3,16,17 interiorEdges=0,1,0,1
start=52 end=72 stiffness=1.000000 damping=1.000000 volume=0.000000 isStatic=0 selfIntersecting=1 parentId=1 indices=3,4,15,16 interiorEdges=0,1,0,1
start=52 end=72 stiffness=1.000000 damping=1.000000 volume=0.000000 isStatic=0 selfIntersecting=1 parentId=1 indices=4,5,14,15 interiorEdges=0,1,0,1
start=52 end=72 stiffness=1.000000 damping=1.000000 volume=0.000000 isStatic=0 selfIntersecting=1 parentId=1 indices=5,6,13,14 interiorEdges=0,1,0,1
start=52 end=72 stiffness=1.000000 damping=1.000000 volume=0.000000 isStatic=0 selfIntersecting=1 parentId=1 indices=6,7,12,13 interiorEdges=0,1,0,1
start=52 end=72 stiffness=1.000000 damping=1.000000 volume=0.000000 isStatic=0 selfIntersecting=1 parentId=1 indices=7,8,11,12 interiorEdges=0,1,0,1
start=52 end=72 stiffness=1.000000 damping=1.000000 volume=0.000000 isStatic=0 selfIntersecting=1 parentId=1 indices=8,9,10,11 interiorEdges=0,0,0,1
start=72 end=92 stiffness=1.000000 damping=1.000000 volume=0.000000 isStatic=0 selfIntersecting=1 parentId=2 indices=0,1,18,19 interiorEdges=0,1,0,0
start=72 end=92 stiffness=1.000000 damping=1.000000 volume=0.000000 isStatic=0 selfIntersecting=1 parentId=2 indices=1,2,17,18 interiorEdges=0,1,0,1
start=72 end=92 stiffness=1.000000 damping=1.000000 volume=0.000000 isStatic=0 selfIntersecting=1 parentId=2 indices=2,3,16,17 interiorEdges=0,1,0,1
start=72 end=92 stiffness=1.000000 damping=1.000000 volume=0.000000 isStatic=0 selfIntersecting=1 parentId=2 indices=3,4,15,16 interiorEdges=0,1,0,1
start=72 end=92 stiffness=1.000000 damping=1.000000 volume=0.000000 isStatic=0 selfIntersecting=1 parentId=2 indices=4,5,14,15 interiorEdges=0,1,0,1
start=72 end=92 stiffness=1.000000 damping=1.000000 volume=0.000000 isStatic=0 selfIntersecting=1 parentId=2 indices=5,6,13,14 interiorEdges=0,1,0,1
start=72 end=92 stiffness=1.000000 damping=1.000000 volume=0.000000 isStatic=0 selfIntersecting=1 parentId=2 indices=6,7,12,13 interiorEdges=0,1,0,1
start=72 end=92 stiffness=1.000000 damping=1.000000 volume=0.000000 isStatic=0 selfIntersecting=1 parentId=2 indices=7,8,11,12 interiorEdges=0,1,0,1
start=72 end=92 stiffness=1.000000 damping=1.000000 volume=0.000000 isStatic=0 selfIntersecting=1 parentId=2 indices=8,9,10,11 interiorEdges=0,0,0,1
start=92 end=108 stiffness=1.000000 damping=1.000000 volume=300.000000 isStatic=0 selfIntersecting=0 parentId=-1 indices=65535,65535,65535,65535 interiorEdges=0,0,0,0
staticjoints=0
