108
4.000000
4.000000
4.000000
4.000000
4.000000
4.000000
4.000000
4.000000
4.000000
4.000000
4.000000
4.000000
4.000000
4.000000
4.000000
4.000000
4.000000
4.000000
4.000000
4.000000
4.000000
4.000000
4.000000
4.000000
4.000000
4.000000
4.000000
4.000000
4.000000
4.000000
4.000000
4.000000
1.000000
1.000000
1.000000
1.000000
1.000000
1.000000
1.000000
1.000000
1.000000
1.000000
1.000000
1.000000
1.000000
1.000000
1.000000
1.000000
1.000000
1.000000
1.000000
1.000000
1.000000
1.000000
1.000000
1.000000
1.000000
1.000000
1.000000
1.000000
1.000000
1.000000
1.000000
1.000000
1.000000
1.000000
1.000000
1.000000
1.000000
1.000000
1.000000
1.000000
1.000000
1.000000
1.000000
1.000000
1.000000
1.000000
1.000000
1.000000
1.000000
1.000000
1.000000
1.000000
1.000000
1.000000
1.000000
1.000000
1.000000
1.000000
1.000000
1.000000
2.000000
2.000000
2.000000
2.000000
2.000000
2.000000
2.000000
2.000000
2.000000
2.000000
2.000000
2.000000
2.000000
2.000000
2.000000
2.000000
108
428.000000 77.000000
531.000000 -216.000000
589.000000 -516.000000
633.000000 -1031.000000
1752.000000 -1049.000000
1381.000000 -921.000000
731.000000 -915.000000
668.000000 -579.000000
941.000000 -224.000000
731.000000 85.000000
909.000000 428.000000
1441.000000 433.000000
1570.000000 -154.000000
1730.000000 -176.000000
1715.000000 579.000000
525.000000 628.000000
1164.000000 118.000000
1160.193970 137.134171
1149.355347 153.355347
1133.134155 164.193970
1114.000000 168.000000
1094.865845 164.193970
1078.644653 153.355347
1067.806030 137.134171
1064.000000 118.000000
1067.806030 98.865837
1078.644653 82.644669
1094.865845 71.806023
1114.000000 68.000000
1133.134155 71.806030
1149.355347 82.644669
1160.193970 98.865852
911.040344 194.235443
970.104126 225.664993
1025.657349 255.451691
1082.301392 276.878082
1141.577881 287.699738
1203.528809 290.327301
1267.580811 289.125092
1333.414673 287.205994
1401.344482 288.159668
1470.679077 297.580780
1455.476074 366.231903
1395.344482 359.859650
1332.712524 359.169281
1267.960083 360.741547
1201.233032 361.066803
1132.556519 358.417511
1063.344849 345.862183
997.540405 321.439606
937.604675 289.581451
881.803955 256.376648
1476.657227 -241.673401
1500.666992 -173.503571
1517.178833 -100.024887
1517.602051 -22.364119
1466.511963 40.555912
1417.507812 5.588153
1381.297241 50.978207
1327.758057 85.647125
1279.239258 129.715652
1231.343140 178.436874
1181.619751 128.889572
1230.792969 78.642815
1284.205933 30.621614
1341.879150 -11.317581
1425.065063 -35.947147
1469.873169 60.750084
1454.832397 -29.614672
1447.762695 -91.999397
1433.366089 -154.913773
1410.517090 -218.631439
881.586853 256.335510
940.055725 291.146454
995.410278 322.838287
1053.223633 345.382263
1113.960815 357.406158
1177.822754 361.171356
1244.071289 361.057343
1311.195068 360.327362
1379.240845 360.190826
1449.188354 365.659546
1440.858887 432.976257
1376.579346 431.691284
1310.657837 431.589447
1243.400635 430.999084
1174.739746 430.352936
1104.185059 427.743835
1033.402466 413.372620
966.008057 387.336182
904.278870 353.122955
849.414551 312.793884
831.511353 177.795929
850.742188 172.905212
869.667542 177.127090
886.035828 187.056992
897.232422 202.926620
898.653198 220.379990
890.790039 237.082275
882.392883 254.920227
872.649048 269.147644
853.764832 273.816559
834.388245 269.923981
820.975952 258.239197
812.150330 241.114914
803.374390 224.222641
805.166077 205.726791
815.282410 188.578674
108
0.000000 0.000000
0.000000 0.000000
0.000000 0.000000
0.000000 0.000000
0.000000 0.000000
0.000000 0.000000
0.000000 0.000000
0.000000 0.000000
0.000000 0.000000
0.000000 0.000000
0.000000 0.000000
0.000000 0.000000
0.000000 0.000000
0.000000 0.000000
0.000000 0.000000
0.000000 0.000000
0.000000 0.000000
0.000000 0.000000
0.000000 0.000000
0.000000 0.000000
0.000000 0.000000
0.000000 0.000000
0.000000 0.000000
0.000000 0.000000
0.000000 0.000000
0.000000 0.000000
0.000000 0.000000
0.000000 0.000000
0.000000 0.000000
0.000000 0.000000
0.000000 0.000000
0.000000 0.000000
0.001628 0.002828
0.001105 0.002225
0.000865 0.001856
0.000768 0.001238
0.000674 0.000529
0.000572 -0.000022
0.000502 -0.000328
0.000391 -0.000381
-0.000078 -0.000682
0.004602 0.000807
0.004411 -0.000182
-0.000539 -0.000428
0.000406 -0.000268
0.000793 0.007548
0.001037 0.015280
0.000875 0.007899
0.001399 0.001522
0.001328 0.002122
-0.002248 0.008627
-0.004973 0.019675
0.119887 -0.007911
0.080375 0.005863
0.055552 0.005626
0.043634 0.014893
0.014380 0.000455
0.003618 0.050615
-0.029486 0.028069
-0.007717 0.028314
-0.039284 0.004881
-0.042050 -0.004582
-0.039999 -0.004475
-0.022497 -0.007647
0.011854 0.021660
-0.012321 -0.032539
0.006587 -0.040152
0.000202 -0.005884
-0.014895 0.006164
0.047434 -0.011018
0.073190 -0.026767
0.107366 -0.043866
-0.005685 -0.001576
0.001108 0.003572
0.001068 0.002260
0.000982 0.001589
0.000816 0.001463
0.000657 -0.000109
0.000892 -0.000965
0.000975 -0.000784
0.001338 0.000392
0.001760 -0.008746
-0.018814 0.015548
0.000525 -0.000257
0.000790 -0.000278
0.001126 0.002435
0.001428 -0.005217
0.001558 0.001054
0.001552 0.001844
0.001420 0.002531
0.001441 0.002897
0.001711 0.002312
0.001491 0.002304
0.001195 0.002927
0.001695 0.002239
0.001311 0.002663
0.001297 0.002668
0.010525 0.006951
0.021688 0.012298
0.017586 0.010629
0.001811 0.002914
0.001385 0.002542
0.001283 0.002955
-0.006163 0.006760
0.006281 0.000193
0.000172 0.003484
0.001205 0.002826
0.001246 0.002885
108
570.000000 233.000000
487.000000 162.000000
656.000000 -157.000000
641.000000 -536.000000
683.000000 -992.000000
1200.000000 -976.000000
641.000000 -683.000000
787.000000 -316.000000
546.000000 -35.000000
620.000000 233.000000
710.000000 493.000000
1427.000000 512.000000
1373.000000 599.000000
1545.000000 183.000000
620.000000 283.000000
570.000000 283.000000
1259.000000 47.000000
1255.193970 66.134171
1244.355347 82.355339
1228.134155 93.193977
1209.000000 97.000000
1189.865845 93.193977
1173.644653 82.355339
1162.806030 66.134171
1159.000000 47.000008
1162.806030 27.865839
1173.644653 11.644670
1189.865845 0.806025
1209.000000 -3.000000
1228.134155 0.806028
1244.355347 11.644673
1255.193970 27.865850
1287.000000 -309.000000
1357.000000 -309.000000
1427.000000 -309.000000
1497.000000 -309.000000
1567.000000 -309.000000
1637.000000 -309.000000
1707.000000 -309.000000
1777.000000 -309.000000
1847.000000 -309.000000
1917.000000 -309.000000
1917.000000 -239.000000
1847.000000 -239.000000
1777.000000 -239.000000
1707.000000 -239.000000
1637.000000 -239.000000
1567.000000 -239.000000
1497.000000 -239.000000
1427.000000 -239.000000
1357.000000 -239.000000
1287.000000 -239.000000
1245.000000 -374.000000
1315.000000 -374.000000
1385.000000 -374.000000
1455.000000 -374.000000
1525.000000 -374.000000
1595.000000 -374.000000
1665.000000 -374.000000
1735.000000 -374.000000
1805.000000 -374.000000
1875.000000 -374.000000
1875.000000 -304.000000
1805.000000 -304.000000
1735.000000 -304.000000
1665.000000 -304.000000
1595.000000 -304.000000
1525.000000 -304.000000
1455.000000 -304.000000
1385.000000 -304.000000
1315.000000 -304.000000
1245.000000 -304.000000
1331.000000 -278.000000
1401.000000 -278.000000
1471.000000 -278.000000
1541.000000 -278.000000
1611.000000 -278.000000
1681.000000 -278.000000
1751.000000 -278.000000
1821.000000 -278.000000
1891.000000 -278.000000
1961.000000 -278.000000
1961.000000 -208.000000
1891.000000 -208.000000
1821.000000 -208.000000
1751.000000 -208.000000
1681.000000 -208.000000
1611.000000 -208.000000
1541.000000 -208.000000
1471.000000 -208.000000
1401.000000 -208.000000
1331.000000 -208.000000
1351.000000 -255.000000
1347.193970 -235.865829
1336.355347 -219.644669
1320.134155 -208.806030
1301.000000 -205.000000
1281.865845 -208.806030
1265.644653 -219.644669
1254.806030 -235.865829
1251.000000 -255.000000
1254.806030 -274.134155
1265.644653 -290.355316
1281.865845 -301.193970
1301.000000 -305.000000
1320.134155 -301.193970
1336.355347 -290.355316
1347.193970 -274.134155
shapes=30
start=0 end=16 stiffness=1.000000 damping=1.000000 volume=0.000000 isStatic=1 selfIntersecting=0 parentId=-1 indices=65535,65535,65535,65535 interiorEdges=0,0,0,0
start=16 end=32 stiffness=1.000000 damping=1.000000 volume=300.000000 isStatic=1 selfIntersecting=0 parentId=-1 indices=65535,65535,65535,65535 interiorEdges=0,0,0,0
start=32 end=52 stiffness=1.000000 damping=1.000000 volume=0.000000 isStatic=0 selfIntersecting=1 parentId=0 indices=0,1,18,19 interiorEdges=0,1,0,0
start=32 end=52 stiffness=1.000000 damping=1.000000 volume=0.000000 isStatic=0 selfIntersecting=1 parentId=0 indices=1,2,17,18 interiorEdges=0,1,0,1
start=32 end=52 stiffness=1.000000 damping=1.000000 volume=0.000000 isStatic=0 selfIntersecting=1 parentId=0 indices=2,3,16,17 interiorEdges=0,1,0,1
start=32 end=52 stiffness=1.000000 damping=1.000000 volume=0.000000 isStatic=0 selfIntersecting=1 parentId=0 indices=3,4,15,16 interiorEdges=0,1,0,1
start=32 end=52 stiffness=1.000000 damping=1.000000 volume=0.000000 isStatic=0 selfIntersecting=1 parentId=0 indices=4,5,14,15 interiorEdges=0,1,0,1
start=32 end=52 stiffness=1.000000 damping=1.000000 volume=0.000000 isStatic=0 selfIntersecting=1 parentId=0 indices=5,6,13,14 interiorEdges=0,1,0,1
start=32 end=52 stiffness=1.000000 damping=1.000000 volume=0.000000 isStatic=0 selfIntersecting=1 parentId=0 indices=6,7,12,13 interiorEdges=0,1,0,1
start=32 end=52 stiffness=1.000000 damping=1.000000 volume=0.000000 isStatic=0 selfIntersecting=1 parentId=0 indices=7,8,11,12 interiorEdges=0,1,0,1
start=32 end=52 stiffness=1.000000 damping=1.000000 volume=0.000000 isStatic=0 selfIntersecting=1 parentId=0 indices=8,9,10,11 interiorEdges=0,0,0,1
start=52 end=72 stiffness=1.000000 damping=1.000000 volume=0.000000 isStatic=0 selfIntersecting=1 parentId=1 indices=0,1,18,19 interiorEdges=0,1,0,0
start=52 end=72 stiffness=1.000000 damping=1.000000 volume=0.000000 isStatic=0 selfIntersecting=1 parentId=1 indices=1,2,17,18 interiorEdges=0,1,0,1
start=52 end=72 stiffness=1.000000 damping=1.000000 volume=0.000000 isStatic=0 selfIntersecting=1 parentId=1 indices=2,3,16,17 interiorEdges=0,1,0,1
start=52 end=72 stiffness=1.000000 damping=1.000000 volume=0.000000 isStatic=0 selfIntersecting=1 parentId=1 indices=3,4,15,16 interiorEdges=0,1,0,1
start=52 end=72 stiffness=1.000000 damping=1.000000 volume=0.000000 isStatic=0 selfIntersecting=1 parentId=1 indices=4,5,14,15 interiorEdges=0,1,0,1
start=52 end=72 stiffness=1.000000 damping=1.000000 volume=0.000000 isStatic=0 selfIntersecting=1 parentId=1 indices=5,6,13,14 interiorEdges=0,1,0,1
start=52 end=72 stiffness=1.000000 damping=1.000000 volume=0.000000 isStatic=0 selfIntersecting=1 parentId=1 indices=6,7,12,13 interiorEdges=0,1,0,1
start=52 end=72 stiffness=1.000000 damping=1.000000 volume=0.000000 isStatic=0 selfIntersecting=1 parentId=1 indices=7,8,11,12 interiorEdges=0,1,0,1
start=52 end=72 stiffness=1.000000 damping=1.000000 volume=0.000000 isStatic=0 selfIntersecting=1 parentId=1 indices=8,9,10,11 interiorEdges=0,0,0,1
start=72 end=92 stiffness=1.000000 damping=1.000000 volume=0.000000 isStatic=0 selfIntersecting=1 parentId=2 indices=0,1,18,19 interiorEdges=0,1,0,0
start=72 end=92 stiffness=1.000000 damping=1.000000 volume=0.000000 isStatic=0 selfIntersecting=1 parentId=2 indices=1,2,17,18 interiorEdges=0,1,0,1
start=72 end=92 stiffness=1.000000 damping=1.000000 volume=0.000000 isStatic=0 selfIntersecting=1 parentId=2 indices=2,3,16,17 interiorEdges=0,1,0,1
start=72 end=92 stiffness=1.000000 damping=1.000000 volume=0.000000 isStatic=0 selfIntersecting=1 parentId=2 indices=3,4,15,16 interiorEdges=0,1,0,1
start=72 end=92 stiffness=1.000000 damping=1.000000 volume=0.000000 isStatic=0 selfIntersecting=1 parentId=2 indices=4,5,14,15 interiorEdges=0,1,0,1
start=72 end=92 stiffness=1.000000 damping=1.000000 volume=0.000000 isStatic=0 selfIntersecting=1 parentId=2 indices=5,6,13,14 interiorEdges=0,1,0,1
start=72 end=92 stiffness=1.000000 damping=1.000000 volume=0.000000 isStatic=0 selfIntersecting=1 parentId=2 indices=6,7,12,13 interiorEdges=0,1,0,1
start=72 end=92 stiffness=1.000000 damping=1.000000 volume=0.000000 isStatic=0 selfIntersecting=1 parentId=2 indices=7,8,11,12 interiorEdges=0,1,0,1
start=72 end=92 stiffness=1.000000 damping=1.000000 volume=0.000000 isStatic=0 selfIntersecting=1 parentId=2 indices=8,9,10,11 interiorEdges=0,0,0,1
start=92 end=108 stiffness=1.000000 damping=1.000000 volume=300.000000 isStatic=0 selfIntersecting=0 parentId=-1 indices=65535,65535,65535,65535 interiorEdges=0,0,0,0
staticjoints=0
