116
44.000000
44.000000
44.000000
44.000000
44.000000
44.000000
44.000000
44.000000
44.000000
44.000000
44.000000
44.000000
44.000000
44.000000
44.000000
44.000000
44.000000
44.000000
44.000000
44.000000
44.000000
44.000000
44.000000
44.000000
44.000000
44.000000
44.000000
44.000000
44.000000
44.000000
44.000000
44.000000
44.000000
44.000000
44.000000
44.000000
44.000000
44.000000
44.000000
44.000000
44.000000
44.000000
44.000000
44.000000
44.000000
44.000000
44.000000
44.000000
44.000000
44.000000
44.000000
44.000000
44.000000
44.000000
44.000000
44.000000
44.000000
44.000000
44.000000
44.000000
44.000000
44.000000
44.000000
44.000000
44.000000
44.000000
44.000000
44.000000
44.000000
44.000000
44.000000
44.000000
44.000000
44.000000
44.000000
44.000000
44.000000
44.000000
44.000000
44.000000
44.000000
44.000000
44.000000
44.000000
44.000000
44.000000
44.000000
44.000000
44.000000
44.000000
44.000000
44.000000
44.000000
44.000000
44.000000
44.000000
44.000000
44.000000
44.000000
44.000000
1.000000
1.000000
1.000000
1.000000
1.000000
1.000000
1.000000
1.000000
1.000000
1.000000
1.000000
1.000000
1.000000
1.000000
1.000000
1.000000
116
400.000000 298.541656
440.000000 298.541656
480.000000 298.541656
520.000000 298.541656
560.000000 298.541656
600.000000 298.541656
640.000000 298.541656
680.000000 298.541656
720.000000 298.541656
760.000000 298.541656
400.000000 338.541595
440.000000 338.541626
480.000000 338.541595
520.000000 338.541595
560.000000 338.541595
600.000000 338.541595
640.000000 338.541595
680.000000 338.541595
720.000000 338.541626
760.000000 338.541595
400.000000 378.541595
440.000000 378.541595
480.000000 378.541595
520.000000 378.541595
560.000000 378.541595
600.000000 378.541595
640.000000 378.541595
680.000000 378.541595
720.000000 378.541595
760.000000 378.541595
400.000000 418.541626
440.000000 418.541626
480.000000 418.541626
520.000000 418.541626
560.000000 418.541626
600.000000 418.541626
640.000000 418.541626
680.000000 418.541626
720.000000 418.541626
760.000000 418.541626
400.000000 458.541626
440.000000 458.541595
480.000000 458.541595
520.000000 458.541595
560.000000 458.541595
600.000000 458.541595
640.000000 458.541595
680.000000 458.541595
720.000000 458.541595
760.000000 458.541626
400.000000 498.541626
440.000000 498.541595
480.000000 498.541595
520.000000 498.541595
560.000000 498.541595
600.000000 498.541595
640.000000 498.541595
680.000000 498.541595
720.000000 498.541595
760.000000 498.541626
400.000000 538.541504
440.000000 538.541504
480.000000 538.541504
520.000000 538.541504
560.000000 538.541504
600.000000 538.541504
640.000000 538.541504
680.000000 538.541504
720.000000 538.541504
760.000000 538.541504
400.000000 578.541504
440.000000 578.541504
480.000000 578.541504
520.000000 578.541504
560.000000 578.541504
600.000000 578.541504
640.000000 578.541504
680.000000 578.541504
720.000000 578.541504
760.000000 578.541504
400.000000 618.541504
440.000000 618.541504
480.000000 618.541504
520.000000 618.541504
560.000000 618.541504
600.000000 618.541504
640.000000 618.541504
680.000000 618.541504
720.000000 618.541504
760.000000 618.541504
400.000000 658.541504
440.000000 658.541504
480.000000 658.541504
520.000000 658.541504
560.000000 658.541504
600.000000 658.541504
640.000000 658.541504
680.000000 658.541504
720.000000 658.541504
760.000000 658.541504
149.000000 91.000000
199.000000 91.000000
199.000000 689.000000
149.000000 689.000000
1099.000000 91.000000
1149.000000 91.000000
1149.000000 689.000000
1099.000000 689.000000
149.000000 690.000000
1149.000000 690.000000
1149.000000 1340.000000
149.000000 1340.000000
149.000000 40.000000
1149.000000 40.000000
1149.000000 90.000000
149.000000 90.000000
116
-0.000000 0.120751
-0.000000 0.120751
-0.000000 0.120751
-0.000000 0.120751
-0.000000 0.120751
0.000000 0.120751
0.000000 0.120751
0.000000 0.120751
0.000000 0.120751
0.000000 0.120751
-0.000000 0.120751
-0.000000 0.120751
-0.000000 0.120751
-0.000000 0.120751
-0.000000 0.120751
0.000000 0.120751
0.000000 0.120751
0.000000 0.120751
0.000000 0.120751
0.000000 0.120751
-0.000000 0.120751
-0.000000 0.120751
0.000000 0.120751
0.000000 0.120751
0.000000 0.120751
-0.000000 0.120751
-0.000000 0.120751
-0.000000 0.120751
0.000000 0.120751
0.000000 0.120751
-0.000000 0.120751
-0.000000 0.120751
-0.000000 0.120751
-0.000000 0.120751
0.000000 0.120751
-0.000000 0.120751
0.000000 0.120751
0.000000 0.120751
0.000000 0.120751
0.000000 0.120751
-0.000000 0.120751
-0.000000 0.120751
-0.000000 0.120751
-0.000000 0.120751
-0.000000 0.120751
0.000000 0.120751
0.000000 0.120751
0.000000 0.120751
0.000000 0.120751
0.000000 0.120751
-0.000000 0.120751
0.000000 0.120751
0.000000 0.120751
-0.000000 0.120751
-0.000000 0.120751
0.000000 0.120751
0.000000 0.120751
-0.000000 0.120751
-0.000000 0.120751
0.000000 0.120751
-0.000000 0.120751
0.000000 0.120751
0.000000 0.120751
0.000000 0.120751
0.000000 0.120751
-0.000000 0.120751
-0.000000 0.120751
-0.000000 0.120751
-0.000000 0.120751
0.000000 0.120751
0.000000 0.120751
-0.000000 0.120751
-0.000000 0.120751
0.000000 0.120751
0.000000 0.120751
-0.000000 0.120751
-0.000000 0.120751
0.000000 0.120751
0.000000 0.120751
-0.000000 0.120751
-0.000000 0.120751
-0.000000 0.120751
-0.000000 0.120751
-0.000000 0.120751
-0.000000 0.120751
0.000000 0.120751
0.000000 0.120751
0.000000 0.120751
0.000000 0.120751
0.000000 0.120751
-0.000000 0.120751
-0.000000 0.120751
-0.000000 0.120751
-0.000000 0.120751
-0.000000 0.120751
0.000000 0.120751
0.000000 0.120751
0.000000 0.120751
0.000000 0.120751
0.000000 0.120751
0.000000 0.000000
0.000000 0.000000
0.000000 0.000000
0.000000 0.000000
0.000000 0.000000
0.000000 0.000000
0.000000 0.000000
0.000000 0.000000
0.000000 0.000000
0.000000 0.000000
0.000000 0.000000
0.000000 0.000000
0.000000 0.000000
0.000000 0.000000
0.000000 0.000000
0.000000 0.000000
116
400.000000 250.000000
440.000000 250.000000
480.000000 250.000000
520.000000 250.000000
560.000000 250.000000
600.000000 250.000000
640.000000 250.000000
680.000000 250.000000
720.000000 250.000000
760.000000 250.000000
400.000000 290.000000
440.000000 290.000000
480.000000 290.000000
520.000000 290.000000
560.000000 290.000000
600.000000 290.000000
640.000000 290.000000
680.000000 290.000000
720.000000 290.000000
760.000000 290.000000
400.000000 330.000000
440.000000 330.000000
480.000000 330.000000
520.000000 330.000000
560.000000 330.000000
600.000000 330.000000
640.000000 330.000000
680.000000 330.000000
720.000000 330.000000
760.000000 330.000000
400.000000 370.000000
440.000000 370.000000
480.000000 370.000000
520.000000 370.000000
560.000000 370.000000
600.000000 370.000000
640.000000 370.000000
680.000000 370.000000
720.000000 370.000000
760.000000 370.000000
400.000000 410.000000
440.000000 410.000000
480.000000 410.000000
520.000000 410.000000
560.000000 410.000000
600.000000 410.000000
640.000000 410.000000
680.000000 410.000000
720.000000 410.000000
760.000000 410.000000
400.000000 450.000000
440.000000 450.000000
480.000000 450.000000
520.000000 450.000000
560.000000 450.000000
600.000000 450.000000
640.000000 450.000000
680.000000 450.000000
720.000000 450.000000
760.000000 450.000000
400.000000 490.000000
440.000000 490.000000
480.000000 490.000000
520.000000 490.000000
560.000000 490.000000
600.000000 490.000000
640.000000 490.000000
680.000000 490.000000
720.000000 490.000000
760.000000 490.000000
400.000000 530.000000
440.000000 530.000000
480.000000 530.000000
520.000000 530.000000
560.000000 530.000000
600.000000 530.000000
640.000000 530.000000
680.000000 530.000000
720.000000 530.000000
760.000000 530.000000
400.000000 570.000000
440.000000 570.000000
480.000000 570.000000
520.000000 570.000000
560.000000 570.000000
600.000000 570.000000
640.000000 570.000000
680.000000 570.000000
720.000000 570.000000
760.000000 570.000000
400.000000 610.000000
440.000000 610.000000
480.000000 610.000000
520.000000 610.000000
560.000000 610.000000
600.000000 610.000000
640.000000 610.000000
680.000000 610.000000
720.000000 610.000000
760.000000 610.000000
149.000000 91.000000
199.000000 91.000000
199.000000 689.000000
149.000000 689.000000
1099.000000 91.000000
1149.000000 91.000000
1149.000000 689.000000
1099.000000 689.000000
149.000000 690.000000
1149.000000 690.000000
1149.000000 1340.000000
149.000000 1340.000000
149.000000 40.000000
1149.000000 40.000000
1149.000000 90.000000
149.000000 90.000000
shapes=85
start=0 end=100 volume=0.000000 isStatic=0 selfIntersecting=1 parentId=0 disableShapeMatching=0 indices=0,1,11,10 interiorEdges=0,1,1,0
start=0 end=100 volume=0.000000 isStatic=0 selfIntersecting=1 parentId=0 disableShapeMatching=0 indices=1,2,12,11 interiorEdges=0,1,1,1
start=0 end=100 volume=0.000000 isStatic=0 selfIntersecting=1 parentId=0 disableShapeMatching=0 indices=2,3,13,12 interiorEdges=0,1,1,1
start=0 end=100 volume=0.000000 isStatic=0 selfIntersecting=1 parentId=0 disableShapeMatching=0 indices=3,4,14,13 interiorEdges=0,1,1,1
start=0 end=100 volume=0.000000 isStatic=0 selfIntersecting=1 parentId=0 disableShapeMatching=0 indices=4,5,15,14 interiorEdges=0,1,1,1
start=0 end=100 volume=0.000000 isStatic=0 selfIntersecting=1 parentId=0 disableShapeMatching=0 indices=5,6,16,15 interiorEdges=0,1,1,1
start=0 end=100 volume=0.000000 isStatic=0 selfIntersecting=1 parentId=0 disableShapeMatching=0 indices=6,7,17,16 interiorEdges=0,1,1,1
start=0 end=100 volume=0.000000 isStatic=0 selfIntersecting=1 parentId=0 disableShapeMatching=0 indices=7,8,18,17 interiorEdges=0,1,1,1
start=0 end=100 volume=0.000000 isStatic=0 selfIntersecting=1 parentId=0 disableShapeMatching=0 indices=8,9,19,18 interiorEdges=0,0,1,1
start=0 end=100 volume=0.000000 isStatic=0 selfIntersecting=1 parentId=0 disableShapeMatching=0 indices=10,11,21,20 interiorEdges=1,1,1,0
start=0 end=100 volume=0.000000 isStatic=0 selfIntersecting=1 parentId=0 disableShapeMatching=0 indices=11,12,22,21 interiorEdges=1,1,1,1
start=0 end=100 volume=0.000000 isStatic=0 selfIntersecting=1 parentId=0 disableShapeMatching=0 indices=12,13,23,22 interiorEdges=1,1,1,1
start=0 end=100 volume=0.000000 isStatic=0 selfIntersecting=1 parentId=0 disableShapeMatching=0 indices=13,14,24,23 interiorEdges=1,1,1,1
start=0 end=100 volume=0.000000 isStatic=0 selfIntersecting=1 parentId=0 disableShapeMatching=0 indices=14,15,25,24 interiorEdges=1,1,1,1
start=0 end=100 volume=0.000000 isStatic=0 selfIntersecting=1 parentId=0 disableShapeMatching=0 indices=15,16,26,25 interiorEdges=1,1,1,1
start=0 end=100 volume=0.000000 isStatic=0 selfIntersecting=1 parentId=0 disableShapeMatching=0 indices=16,17,27,26 interiorEdges=1,1,1,1
start=0 end=100 volume=0.000000 isStatic=0 selfIntersecting=1 parentId=0 disableShapeMatching=0 indices=17,18,28,27 interiorEdges=1,1,1,1
start=0 end=100 volume=0.000000 isStatic=0 selfIntersecting=1 parentId=0 disableShapeMatching=0 indices=18,19,29,28 interiorEdges=1,0,1,1
start=0 end=100 volume=0.000000 isStatic=0 selfIntersecting=1 parentId=0 disableShapeMatching=0 indices=20,21,31,30 interiorEdges=1,1,1,0
start=0 end=100 volume=0.000000 isStatic=0 selfIntersecting=1 parentId=0 disableShapeMatching=0 indices=21,22,32,31 interiorEdges=1,1,1,1
start=0 end=100 volume=0.000000 isStatic=0 selfIntersecting=1 parentId=0 disableShapeMatching=0 indices=22,23,33,32 interiorEdges=1,1,1,1
start=0 end=100 volume=0.000000 isStatic=0 selfIntersecting=1 parentId=0 disableShapeMatching=0 indices=23,24,34,33 interiorEdges=1,1,1,1
start=0 end=100 volume=0.000000 isStatic=0 selfIntersecting=1 parentId=0 disableShapeMatching=0 indices=24,25,35,34 interiorEdges=1,1,1,1
start=0 end=100 volume=0.000000 isStatic=0 selfIntersecting=1 parentId=0 disableShapeMatching=0 indices=25,26,36,35 interiorEdges=1,1,1,1
start=0 end=100 volume=0.000000 isStatic=0 selfIntersecting=1 parentId=0 disableShapeMatching=0 indices=26,27,37,36 interiorEdges=1,1,1,1
start=0 end=100 volume=0.000000 isStatic=0 selfIntersecting=1 parentId=0 disableShapeMatching=0 indices=27,28,38,37 interiorEdges=1,1,1,1
start=0 end=100 volume=0.000000 isStatic=0 selfIntersecting=1 parentId=0 disableShapeMatching=0 indices=28,29,39,38 interiorEdges=1,0,1,1
start=0 end=100 volume=0.000000 isStatic=0 selfIntersecting=1 parentId=0 disableShapeMatching=0 indices=30,31,41,40 interiorEdges=1,1,1,0
start=0 end=100 volume=0.000000 isStatic=0 selfIntersecting=1 parentId=0 disableShapeMatching=0 indices=31,32,42,41 interiorEdges=1,1,1,1
start=0 end=100 volume=0.000000 isStatic=0 selfIntersecting=1 parentId=0 disableShapeMatching=0 indices=32,33,43,42 interiorEdges=1,1,1,1
start=0 end=100 volume=0.000000 isStatic=0 selfIntersecting=1 parentId=0 disableShapeMatching=0 indices=33,34,44,43 interiorEdges=1,1,1,1
start=0 end=100 volume=0.000000 isStatic=0 selfIntersecting=1 parentId=0 disableShapeMatching=0 indices=34,35,45,44 interiorEdges=1,1,1,1
start=0 end=100 volume=0.000000 isStatic=0 selfIntersecting=1 parentId=0 disableShapeMatching=0 indices=35,36,46,45 interiorEdges=1,1,1,1
start=0 end=100 volume=0.000000 isStatic=0 selfIntersecting=1 parentId=0 disableShapeMatching=0 indices=36,37,47,46 interiorEdges=1,1,1,1
start=0 end=100 volume=0.000000 isStatic=0 selfIntersecting=1 parentId=0 disableShapeMatching=0 indices=37,38,48,47 interiorEdges=1,1,1,1
start=0 end=100 volume=0.000000 isStatic=0 selfIntersecting=1 parentId=0 disableShapeMatching=0 indices=38,39,49,48 interiorEdges=1,0,1,1
start=0 end=100 volume=0.000000 isStatic=0 selfIntersecting=1 parentId=0 disableShapeMatching=0 indices=40,41,51,50 interiorEdges=1,1,1,0
start=0 end=100 volume=0.000000 isStatic=0 selfIntersecting=1 parentId=0 disableShapeMatching=0 indices=41,42,52,51 interiorEdges=1,1,1,1
start=0 end=100 volume=0.000000 isStatic=0 selfIntersecting=1 parentId=0 disableShapeMatching=0 indices=42,43,53,52 interiorEdges=1,1,1,1
start=0 end=100 volume=0.000000 isStatic=0 selfIntersecting=1 parentId=0 disableShapeMatching=0 indices=43,44,54,53 interiorEdges=1,1,1,1
start=0 end=100 volume=0.000000 isStatic=0 selfIntersecting=1 parentId=0 disableShapeMatching=0 indices=44,45,55,54 interiorEdges=1,1,1,1
start=0 end=100 volume=0.000000 isStatic=0 selfIntersecting=1 parentId=0 disableShapeMatching=0 indices=45,46,56,55 interiorEdges=1,1,1,1
start=0 end=100 volume=0.000000 isStatic=0 selfIntersecting=1 parentId=0 disableShapeMatching=0 indices=46,47,57,56 interiorEdges=1,1,1,1
start=0 end=100 volume=0.000000 isStatic=0 selfIntersecting=1 parentId=0 disableShapeMatching=0 indices=47,48,58,57 interiorEdges=1,1,1,1
start=0 end=100 volume=0.000000 isStatic=0 selfIntersecting=1 parentId=0 disableShapeMatching=0 indices=48,49,59,58 interiorEdges=1,0,1,1
start=0 end=100 volume=0.000000 isStatic=0 selfIntersecting=1 parentId=0 disableShapeMatching=0 indices=50,51,61,60 interiorEdges=1,1,1,0
start=0 end=100 volume=0.000000 isStatic=0 selfIntersecting=1 parentId=0 disableShapeMatching=0 indices=51,52,62,61 interiorEdges=1,1,1,1
start=0 end=100 volume=0.000000 isStatic=0 selfIntersecting=1 parentId=0 disableShapeMatching=0 indices=52,53,63,62 interiorEdges=1,1,1,1
start=0 end=100 volume=0.000000 isStatic=0 selfIntersecting=1 parentId=0 disableShapeMatching=0 indices=53,54,64,63 interiorEdges=1,1,1,1
start=0 end=100 volume=0.000000 isStatic=0 selfIntersecting=1 parentId=0 disableShapeMatching=0 indices=54,55,65,64 interiorEdges=1,1,1,1
start=0 end=100 volume=0.000000 isStatic=0 selfIntersecting=1 parentId=0 disableShapeMatching=0 indices=55,56,66,65 interiorEdges=1,1,1,1
start=0 end=100 volume=0.000000 isStatic=0 selfIntersecting=1 parentId=0 disableShapeMatching=0 indices=56,57,67,66 interiorEdges=1,1,1,1
start=0 end=100 volume=0.000000 isStatic=0 selfIntersecting=1 parentId=0 disableShapeMatching=0 indices=57,58,68,67 interiorEdges=1,1,1,1
start=0 end=100 volume=0.000000 isStatic=0 selfIntersecting=1 parentId=0 disableShapeMatching=0 indices=58,59,69,68 interiorEdges=1,0,1,1
start=0 end=100 volume=0.000000 isStatic=0 selfIntersecting=1 parentId=0 disableShapeMatching=0 indices=60,61,71,70 interiorEdges=1,1,1,0
start=0 end=100 volume=0.000000 isStatic=0 selfIntersecting=1 parentId=0 disableShapeMatching=0 indices=61,62,72,71 interiorEdges=1,1,1,1
start=0 end=100 volume=0.000000 isStatic=0 selfIntersecting=1 parentId=0 disableShapeMatching=0 indices=62,63,73,72 interiorEdges=1,1,1,1
start=0 end=100 volume=0.000000 isStatic=0 selfIntersecting=1 parentId=0 disableShapeMatching=0 indices=63,64,74,73 interiorEdges=1,1,1,1
start=0 end=100 volume=0.000000 isStatic=0 selfIntersecting=1 parentId=0 disableShapeMatching=0 indices=64,65,75,74 interiorEdges=1,1,1,1
start=0 end=100 volume=0.000000 isStatic=0 selfIntersecting=1 parentId=0 disableShapeMatching=0 indices=65,66,76,75 interiorEdges=1,1,1,1
start=0 end=100 volume=0.000000 isStatic=0 selfIntersecting=1 parentId=0 disableShapeMatching=0 indices=66,67,77,76 interiorEdges=1,1,1,1
start=0 end=100 volume=0.000000 isStatic=0 selfIntersecting=1 parentId=0 disableShapeMatching=0 indices=67,68,78,77 interiorEdges=1,1,1,1
start=0 end=100 volume=0.000000 isStatic=0 selfIntersecting=1 parentId=0 disableShapeMatching=0 indices=68,69,79,78 interiorEdges=1,0,1,1
start=0 end=100 volume=0.000000 isStatic=0 selfIntersecting=1 parentId=0 disableShapeMatching=0 indices=70,71,81,80 interiorEdges=1,1,1,0
start=0 end=100 volume=0.000000 isStatic=0 selfIntersecting=1 parentId=0 disableShapeMatching=0 indices=71,72,82,81 interiorEdges=1,1,1,1
start=0 end=100 volume=0.000000 isStatic=0 selfIntersecting=1 parentId=0 disableShapeMatching=0 indices=72,73,83,82 interiorEdges=1,1,1,1
start=0 end=100 volume=0.000000 isStatic=0 selfIntersecting=1 parentId=0 disableShapeMatching=0 indices=73,74,84,83 interiorEdges=1,1,1,1
start=0 end=100 volume=0.000000 isStatic=0 selfIntersecting=1 parentId=0 disableShapeMatching=0 indices=74,75,85,84 interiorEdges=1,1,1,1
start=0 end=100 volume=0.000000 isStatic=0 selfIntersecting=1 parentId=0 disableShapeMatching=0 indices=75,76,86,85 interiorEdges=1,1,1,1
start=0 end=100 volume=0.000000 isStatic=0 selfIntersecting=1 parentId=0 disableShapeMatching=0 indices=76,77,87,86 interiorEdges=1,1,1,1
start=0 end=100 volume=0.000000 isStatic=0 selfIntersecting=1 parentId=0 disableShapeMatching=0 indices=77,78,88,87 interiorEdges=1,1,1,1
start=0 end=100 volume=0.000000 isStatic=0 selfIntersecting=1 parentId=0 disableShapeMatching=0 indices=78,79,89,88 interiorEdges=1,0,1,1
start=0 end=100 volume=0.000000 isStatic=0 selfIntersecting=1 parentId=0 disableShapeMatching=0 indices=80,81,91,90 interiorEdges=1,1,0,0
start=0 end=100 volume=0.000000 isStatic=0 selfIntersecting=1 parentId=0 disableShapeMatching=0 indices=81,82,92,91 interiorEdges=1,1,0,1
start=0 end=100 volume=0.000000 isStatic=0 selfIntersecting=1 parentId=0 disableShapeMatching=0 indices=82,83,93,92 interiorEdges=1,1,0,1
start=0 end=100 volume=0.000000 isStatic=0 selfIntersecting=1 parentId=0 disableShapeMatching=0 indices=83,84,94,93 interiorEdges=1,1,0,1
start=0 end=100 volume=0.000000 isStatic=0 selfIntersecting=1 parentId=0 disableShapeMatching=0 indices=84,85,95,94 interiorEdges=1,1,0,1
start=0 end=100 volume=0.000000 isStatic=0 selfIntersecting=1 parentId=0 disableShapeMatching=0 indices=85,86,96,95 interiorEdges=1,1,0,1
start=0 end=100 volume=0.000000 isStatic=0 selfIntersecting=1 parentId=0 disableShapeMatching=0 indices=86,87,97,96 interiorEdges=1,1,0,1
start=0 end=100 volume=0.000000 isStatic=0 selfIntersecting=1 parentId=0 disableShapeMatching=0 indices=87,88,98,97 interiorEdges=1,1,0,1
start=0 end=100 volume=0.000000 isStatic=0 selfIntersecting=1 parentId=0 disableShapeMatching=0 indices=88,89,99,98 interiorEdges=1,0,0,1
start=100 end=104 volume=0.000000 isStatic=1 selfIntersecting=0 parentId=-1 disableShapeMatching=0 indices=65535,65535,65535,65535 interiorEdges=0,0,0,0
start=104 end=108 volume=0.000000 isStatic=1 selfIntersecting=0 parentId=-1 disableShapeMatching=0 indices=65535,65535,65535,65535 interiorEdges=0,0,0,0
start=108 end=112 volume=0.000000 isStatic=1 selfIntersecting=0 parentId=-1 disableShapeMatching=0 indices=65535,65535,65535,65535 interiorEdges=0,0,0,0
start=112 end=116 volume=0.000000 isStatic=1 selfIntersecting=0 parentId=-1 disableShapeMatching=0 indices=65535,65535,65535,65535 interiorEdges=0,0,0,0
springs=414
0 10 40.000000 4.500000 1280.900024 0
1 11 40.000000 4.500000 1280.900024 0
0 1 40.000000 4.500000 1280.900024 0
10 11 40.000000 4.500000 1280.900024 0
0 11 56.568542 4.500000 1280.900024 0
10 1 56.568542 4.500000 1280.900024 0
2 12 40.000000 4.500000 1280.900024 1
1 2 40.000000 4.500000 1280.900024 1
11 12 40.000000 4.500000 1280.900024 1
1 12 56.568542 4.500000 1280.900024 1
11 2 56.568542 4.500000 1280.900024 1
3 13 40.000000 4.500000 1280.900024 2
2 3 40.000000 4.500000 1280.900024 2
12 13 40.000000 4.500000 1280.900024 2
2 13 56.568542 4.500000 1280.900024 2
12 3 56.568542 4.500000 1280.900024 2
4 14 40.000000 4.500000 1280.900024 3
3 4 40.000000 4.500000 1280.900024 3
13 14 40.000000 4.500000 1280.900024 3
3 14 56.568542 4.500000 1280.900024 3
13 4 56.568542 4.500000 1280.900024 3
5 15 40.000000 4.500000 1280.900024 4
4 5 40.000000 4.500000 1280.900024 4
14 15 40.000000 4.500000 1280.900024 4
4 15 56.568542 4.500000 1280.900024 4
14 5 56.568542 4.500000 1280.900024 4
6 16 40.000000 4.500000 1280.900024 5
5 6 40.000000 4.500000 1280.900024 5
15 16 40.000000 4.500000 1280.900024 5
5 16 56.568542 4.500000 1280.900024 5
15 6 56.568542 4.500000 1280.900024 5
7 17 40.000000 4.500000 1280.900024 6
6 7 40.000000 4.500000 1280.900024 6
16 17 40.000000 4.500000 1280.900024 6
6 17 56.568542 4.500000 1280.900024 6
16 7 56.568542 4.500000 1280.900024 6
8 18 40.000000 4.500000 1280.900024 7
7 8 40.000000 4.500000 1280.900024 7
17 18 40.000000 4.500000 1280.900024 7
7 18 56.568542 4.500000 1280.900024 7
17 8 56.568542 4.500000 1280.900024 7
9 19 40.000000 4.500000 1280.900024 8
8 9 40.000000 4.500000 1280.900024 8
18 19 40.000000 4.500000 1280.900024 8
8 19 56.568542 4.500000 1280.900024 8
18 9 56.568542 4.500000 1280.900024 8
10 20 40.000000 4.500000 1280.900024 9
11 21 40.000000 4.500000 1280.900024 9
10 11 40.000000 4.500000 1280.900024 9
20 21 40.000000 4.500000 1280.900024 9
10 21 56.568542 4.500000 1280.900024 9
20 11 56.568542 4.500000 1280.900024 9
12 22 40.000000 4.500000 1280.900024 10
11 12 40.000000 4.500000 1280.900024 10
21 22 40.000000 4.500000 1280.900024 10
11 22 56.568542 4.500000 1280.900024 10
21 12 56.568542 4.500000 1280.900024 10
13 23 40.000000 4.500000 1280.900024 11
12 13 40.000000 4.500000 1280.900024 11
22 23 40.000000 4.500000 1280.900024 11
12 23 56.568542 4.500000 1280.900024 11
22 13 56.568542 4.500000 1280.900024 11
14 24 40.000000 4.500000 1280.900024 12
13 14 40.000000 4.500000 1280.900024 12
23 24 40.000000 4.500000 1280.900024 12
13 24 56.568542 4.500000 1280.900024 12
23 14 56.568542 4.500000 1280.900024 12
15 25 40.000000 4.500000 1280.900024 13
14 15 40.000000 4.500000 1280.900024 13
24 25 40.000000 4.500000 1280.900024 13
14 25 56.568542 4.500000 1280.900024 13
24 15 56.568542 4.500000 1280.900024 13
16 26 40.000000 4.500000 1280.900024 14
15 16 40.000000 4.500000 1280.900024 14
25 26 40.000000 4.500000 1280.900024 14
15 26 56.568542 4.500000 1280.900024 14
25 16 56.568542 4.500000 1280.900024 14
17 27 40.000000 4.500000 1280.900024 15
16 17 40.000000 4.500000 1280.900024 15
26 27 40.000000 4.500000 1280.900024 15
16 27 56.568542 4.500000 1280.900024 15
26 17 56.568542 4.500000 1280.900024 15
18 28 40.000000 4.500000 1280.900024 16
17 18 40.000000 4.500000 1280.900024 16
27 28 40.000000 4.500000 1280.900024 16
17 28 56.568542 4.500000 1280.900024 16
27 18 56.568542 4.500000 1280.900024 16
19 29 40.000000 4.500000 1280.900024 17
18 19 40.000000 4.500000 1280.900024 17
28 29 40.000000 4.500000 1280.900024 17
18 29 56.568542 4.500000 1280.900024 17
28 19 56.568542 4.500000 1280.900024 17
20 30 40.000000 4.500000 1280.900024 18
21 31 40.000000 4.500000 1280.900024 18
20 21 40.000000 4.500000 1280.900024 18
30 31 40.000000 4.500000 1280.900024 18
20 31 56.568542 4.500000 1280.900024 18
30 21 56.568542 4.500000 1280.900024 18
22 32 40.000000 4.500000 1280.900024 19
21 22 40.000000 4.500000 1280.900024 19
31 32 40.000000 4.500000 1280.900024 19
21 32 56.568542 4.500000 1280.900024 19
31 22 56.568542 4.500000 1280.900024 19
23 33 40.000000 4.500000 1280.900024 20
22 23 40.000000 4.500000 1280.900024 20
32 33 40.000000 4.500000 1280.900024 20
22 33 56.568542 4.500000 1280.900024 20
32 23 56.568542 4.500000 1280.900024 20
24 34 40.000000 4.500000 1280.900024 21
23 24 40.000000 4.500000 1280.900024 21
33 34 40.000000 4.500000 1280.900024 21
23 34 56.568542 4.500000 1280.900024 21
33 24 56.568542 4.500000 1280.900024 21
25 35 40.000000 4.500000 1280.900024 22
24 25 40.000000 4.500000 1280.900024 22
34 35 40.000000 4.500000 1280.900024 22
24 35 56.568542 4.500000 1280.900024 22
34 25 56.568542 4.500000 1280.900024 22
26 36 40.000000 4.500000 1280.900024 23
25 26 40.000000 4.500000 1280.900024 23
35 36 40.000000 4.500000 1280.900024 23
25 36 56.568542 4.500000 1280.900024 23
35 26 56.568542 4.500000 1280.900024 23
27 37 40.000000 4.500000 1280.900024 24
26 27 40.000000 4.500000 1280.900024 24
36 37 40.000000 4.500000 1280.900024 24
26 37 56.568542 4.500000 1280.900024 24
36 27 56.568542 4.500000 1280.900024 24
28 38 40.000000 4.500000 1280.900024 25
27 28 40.000000 4.500000 1280.900024 25
37 38 40.000000 4.500000 1280.900024 25
27 38 56.568542 4.500000 1280.900024 25
37 28 56.568542 4.500000 1280.900024 25
29 39 40.000000 4.500000 1280.900024 26
28 29 40.000000 4.500000 1280.900024 26
38 39 40.000000 4.500000 1280.900024 26
28 39 56.568542 4.500000 1280.900024 26
38 29 56.568542 4.500000 1280.900024 26
30 40 40.000000 4.500000 1280.900024 27
31 41 40.000000 4.500000 1280.900024 27
30 31 40.000000 4.500000 1280.900024 27
40 41 40.000000 4.500000 1280.900024 27
30 41 56.568542 4.500000 1280.900024 27
40 31 56.568542 4.500000 1280.900024 27
32 42 40.000000 4.500000 1280.900024 28
31 32 40.000000 4.500000 1280.900024 28
41 42 40.000000 4.500000 1280.900024 28
31 42 56.568542 4.500000 1280.900024 28
41 32 56.568542 4.500000 1280.900024 28
33 43 40.000000 4.500000 1280.900024 29
32 33 40.000000 4.500000 1280.900024 29
42 43 40.000000 4.500000 1280.900024 29
32 43 56.568542 4.500000 1280.900024 29
42 33 56.568542 4.500000 1280.900024 29
34 44 40.000000 4.500000 1280.900024 30
33 34 40.000000 4.500000 1280.900024 30
43 44 40.000000 4.500000 1280.900024 30
33 44 56.568542 4.500000 1280.900024 30
43 34 56.568542 4.500000 1280.900024 30
35 45 40.000000 4.500000 1280.900024 31
34 35 40.000000 4.500000 1280.900024 31
44 45 40.000000 4.500000 1280.900024 31
34 45 56.568542 4.500000 1280.900024 31
44 35 56.568542 4.500000 1280.900024 31
36 46 40.000000 4.500000 1280.900024 32
35 36 40.000000 4.500000 1280.900024 32
45 46 40.000000 4.500000 1280.900024 32
35 46 56.568542 4.500000 1280.900024 32
45 36 56.568542 4.500000 1280.900024 32
37 47 40.000000 4.500000 1280.900024 33
36 37 40.000000 4.500000 1280.900024 33
46 47 40.000000 4.500000 1280.900024 33
36 47 56.568542 4.500000 1280.900024 33
46 37 56.568542 4.500000 1280.900024 33
38 48 40.000000 4.500000 1280.900024 34
37 38 40.000000 4.500000 1280.900024 34
47 48 40.000000 4.500000 1280.900024 34
37 48 56.568542 4.500000 1280.900024 34
47 38 56.568542 4.500000 1280.900024 34
39 49 40.000000 4.500000 1280.900024 35
38 39 40.000000 4.500000 1280.900024 35
48 49 40.000000 4.500000 1280.900024 35
38 49 56.568542 4.500000 1280.900024 35
48 39 56.568542 4.500000 1280.900024 35
40 50 40.000000 4.500000 1280.900024 36
41 51 40.000000 4.500000 1280.900024 36
40 41 40.000000 4.500000 1280.900024 36
50 51 40.000000 4.500000 1280.900024 36
40 51 56.568542 4.500000 1280.900024 36
50 41 56.568542 4.500000 1280.900024 36
42 52 40.000000 4.500000 1280.900024 37
41 42 40.000000 4.500000 1280.900024 37
51 52 40.000000 4.500000 1280.900024 37
41 52 56.568542 4.500000 1280.900024 37
51 42 56.568542 4.500000 1280.900024 37
43 53 40.000000 4.500000 1280.900024 38
42 43 40.000000 4.500000 1280.900024 38
52 53 40.000000 4.500000 1280.900024 38
42 53 56.568542 4.500000 1280.900024 38
52 43 56.568542 4.500000 1280.900024 38
44 54 40.000000 4.500000 1280.900024 39
43 44 40.000000 4.500000 1280.900024 39
53 54 40.000000 4.500000 1280.900024 39
43 54 56.568542 4.500000 1280.900024 39
53 44 56.568542 4.500000 1280.900024 39
45 55 40.000000 4.500000 1280.900024 40
44 45 40.000000 4.500000 1280.900024 40
54 55 40.000000 4.500000 1280.900024 40
44 55 56.568542 4.500000 1280.900024 40
54 45 56.568542 4.500000 1280.900024 40
46 56 40.000000 4.500000 1280.900024 41
45 46 40.000000 4.500000 1280.900024 41
55 56 40.000000 4.500000 1280.900024 41
45 56 56.568542 4.500000 1280.900024 41
55 46 56.568542 4.500000 1280.900024 41
47 57 40.000000 4.500000 1280.900024 42
46 47 40.000000 4.500000 1280.900024 42
56 57 40.000000 4.500000 1280.900024 42
46 57 56.568542 4.500000 1280.900024 42
56 47 56.568542 4.500000 1280.900024 42
48 58 40.000000 4.500000 1280.900024 43
47 48 40.000000 4.500000 1280.900024 43
57 58 40.000000 4.500000 1280.900024 43
47 58 56.568542 4.500000 1280.900024 43
57 48 56.568542 4.500000 1280.900024 43
49 59 40.000000 4.500000 1280.900024 44
48 49 40.000000 4.500000 1280.900024 44
58 59 40.000000 4.500000 1280.900024 44
48 59 56.568542 4.500000 1280.900024 44
58 49 56.568542 4.500000 1280.900024 44
50 60 40.000000 4.500000 1280.900024 45
51 61 40.000000 4.500000 1280.900024 45
50 51 40.000000 4.500000 1280.900024 45
60 61 40.000000 4.500000 1280.900024 45
50 61 56.568542 4.500000 1280.900024 45
60 51 56.568542 4.500000 1280.900024 45
52 62 40.000000 4.500000 1280.900024 46
51 52 40.000000 4.500000 1280.900024 46
61 62 40.000000 4.500000 1280.900024 46
51 62 56.568542 4.500000 1280.900024 46
61 52 56.568542 4.500000 1280.900024 46
53 63 40.000000 4.500000 1280.900024 47
52 53 40.000000 4.500000 1280.900024 47
62 63 40.000000 4.500000 1280.900024 47
52 63 56.568542 4.500000 1280.900024 47
62 53 56.568542 4.500000 1280.900024 47
54 64 40.000000 4.500000 1280.900024 48
53 54 40.000000 4.500000 1280.900024 48
63 64 40.000000 4.500000 1280.900024 48
53 64 56.568542 4.500000 1280.900024 48
63 54 56.568542 4.500000 1280.900024 48
55 65 40.000000 4.500000 1280.900024 49
54 55 40.000000 4.500000 1280.900024 49
64 65 40.000000 4.500000 1280.900024 49
54 65 56.568542 4.500000 1280.900024 49
64 55 56.568542 4.500000 1280.900024 49
56 66 40.000000 4.500000 1280.900024 50
55 56 40.000000 4.500000 1280.900024 50
65 66 40.000000 4.500000 1280.900024 50
55 66 56.568542 4.500000 1280.900024 50
65 56 56.568542 4.500000 1280.900024 50
57 67 40.000000 4.500000 1280.900024 51
56 57 40.000000 4.500000 1280.900024 51
66 67 40.000000 4.500000 1280.900024 51
56 67 56.568542 4.500000 1280.900024 51
66 57 56.568542 4.500000 1280.900024 51
58 68 40.000000 4.500000 1280.900024 52
57 58 40.000000 4.500000 1280.900024 52
67 68 40.000000 4.500000 1280.900024 52
57 68 56.568542 4.500000 1280.900024 52
67 58 56.568542 4.500000 1280.900024 52
59 69 40.000000 4.500000 1280.900024 53
58 59 40.000000 4.500000 1280.900024 53
68 69 40.000000 4.500000 1280.900024 53
58 69 56.568542 4.500000 1280.900024 53
68 59 56.568542 4.500000 1280.900024 53
60 70 40.000000 4.500000 1280.900024 54
61 71 40.000000 4.500000 1280.900024 54
60 61 40.000000 4.500000 1280.900024 54
70 71 40.000000 4.500000 1280.900024 54
60 71 56.568542 4.500000 1280.900024 54
70 61 56.568542 4.500000 1280.900024 54
62 72 40.000000 4.500000 1280.900024 55
61 62 40.000000 4.500000 1280.900024 55
71 72 40.000000 4.500000 1280.900024 55
61 72 56.568542 4.500000 1280.900024 55
71 62 56.568542 4.500000 1280.900024 55
63 73 40.000000 4.500000 1280.900024 56
62 63 40.000000 4.500000 1280.900024 56
72 73 40.000000 4.500000 1280.900024 56
62 73 56.568542 4.500000 1280.900024 56
72 63 56.568542 4.500000 1280.900024 56
64 74 40.000000 4.500000 1280.900024 57
63 64 40.000000 4.500000 1280.900024 57
73 74 40.000000 4.500000 1280.900024 57
63 74 56.568542 4.500000 1280.900024 57
73 64 56.568542 4.500000 1280.900024 57
65 75 40.000000 4.500000 1280.900024 58
64 65 40.000000 4.500000 1280.900024 58
74 75 40.000000 4.500000 1280.900024 58
64 75 56.568542 4.500000 1280.900024 58
74 65 56.568542 4.500000 1280.900024 58
66 76 40.000000 4.500000 1280.900024 59
65 66 40.000000 4.500000 1280.900024 59
75 76 40.000000 4.500000 1280.900024 59
65 76 56.568542 4.500000 1280.900024 59
75 66 56.568542 4.500000 1280.900024 59
67 77 40.000000 4.500000 1280.900024 60
66 67 40.000000 4.500000 1280.900024 60
76 77 40.000000 4.500000 1280.900024 60
66 77 56.568542 4.500000 1280.900024 60
76 67 56.568542 4.500000 1280.900024 60
68 78 40.000000 4.500000 1280.900024 61
67 68 40.000000 4.500000 1280.900024 61
77 78 40.000000 4.500000 1280.900024 61
67 78 56.568542 4.500000 1280.900024 61
77 68 56.568542 4.500000 1280.900024 61
69 79 40.000000 4.500000 1280.900024 62
68 69 40.000000 4.500000 1280.900024 62
78 79 40.000000 4.500000 1280.900024 62
68 79 56.568542 4.500000 1280.900024 62
78 69 56.568542 4.500000 1280.900024 62
70 80 40.000000 4.500000 1280.900024 63
71 81 40.000000 4.500000 1280.900024 63
70 71 40.000000 4.500000 1280.900024 63
80 81 40.000000 4.500000 1280.900024 63
70 81 56.568542 4.500000 1280.900024 63
80 71 56.568542 4.500000 1280.900024 63
72 82 40.000000 4.500000 1280.900024 64
71 72 40.000000 4.500000 1280.900024 64
81 82 40.000000 4.500000 1280.900024 64
71 82 56.568542 4.500000 1280.900024 64
81 72 56.568542 4.500000 1280.900024 64
73 83 40.000000 4.500000 1280.900024 65
72 73 40.000000 4.500000 1280.900024 65
82 83 40.000000 4.500000 1280.900024 65
72 83 56.568542 4.500000 1280.900024 65
82 73 56.568542 4.500000 1280.900024 65
74 84 40.000000 4.500000 1280.900024 66
73 74 40.000000 4.500000 1280.900024 66
83 84 40.000000 4.500000 1280.900024 66
73 84 56.568542 4.500000 1280.900024 66
83 74 56.568542 4.500000 1280.900024 66
75 85 40.000000 4.500000 1280.900024 67
74 75 40.000000 4.500000 1280.900024 67
84 85 40.000000 4.500000 1280.900024 67
74 85 56.568542 4.500000 1280.900024 67
84 75 56.568542 4.500000 1280.900024 67
76 86 40.000000 4.500000 1280.900024 68
75 76 40.000000 4.500000 1280.900024 68
85 86 40.000000 4.500000 1280.900024 68
75 86 56.568542 4.500000 1280.900024 68
85 76 56.568542 4.500000 1280.900024 68
77 87 40.000000 4.500000 1280.900024 69
76 77 40.000000 4.500000 1280.900024 69
86 87 40.000000 4.500000 1280.900024 69
76 87 56.568542 4.500000 1280.900024 69
86 77 56.568542 4.500000 1280.900024 69
78 88 40.000000 4.500000 1280.900024 70
77 78 40.000000 4.500000 1280.900024 70
87 88 40.000000 4.500000 1280.900024 70
77 88 56.568542 4.500000 1280.900024 70
87 78 56.568542 4.500000 1280.900024 70
79 89 40.000000 4.500000 1280.900024 71
78 79 40.000000 4.500000 1280.900024 71
88 89 40.000000 4.500000 1280.900024 71
78 89 56.568542 4.500000 1280.900024 71
88 79 56.568542 4.500000 1280.900024 71
80 90 40.000000 4.500000 1280.900024 72
81 91 40.000000 4.500000 1280.900024 72
80 81 40.000000 4.500000 1280.900024 72
90 91 40.000000 4.500000 1280.900024 72
80 91 56.568542 4.500000 1280.900024 72
90 81 56.568542 4.500000 1280.900024 72
82 92 40.000000 4.500000 1280.900024 73
81 82 40.000000 4.500000 1280.900024 73
91 92 40.000000 4.500000 1280.900024 73
81 92 56.568542 4.500000 1280.900024 73
91 82 56.568542 4.500000 1280.900024 73
83 93 40.000000 4.500000 1280.900024 74
82 83 40.000000 4.500000 1280.900024 74
92 93 40.000000 4.500000 1280.900024 74
82 93 56.568542 4.500000 1280.900024 74
92 83 56.568542 4.500000 1280.900024 74
84 94 40.000000 4.500000 1280.900024 75
83 84 40.000000 4.500000 1280.900024 75
93 94 40.000000 4.500000 1280.900024 75
83 94 56.568542 4.500000 1280.900024 75
93 84 56.568542 4.500000 1280.900024 75
85 95 40.000000 4.500000 1280.900024 76
84 85 40.000000 4.500000 1280.900024 76
94 95 40.000000 4.500000 1280.900024 76
84 95 56.568542 4.500000 1280.900024 76
94 85 56.568542 4.500000 1280.900024 76
86 96 40.000000 4.500000 1280.900024 77
85 86 40.000000 4.500000 1280.900024 77
95 96 40.000000 4.500000 1280.900024 77
85 96 56.568542 4.500000 1280.900024 77
95 86 56.568542 4.500000 1280.900024 77
87 97 40.000000 4.500000 1280.900024 78
86 87 40.000000 4.500000 1280.900024 78
96 97 40.000000 4.500000 1280.900024 78
86 97 56.568542 4.500000 1280.900024 78
96 87 56.568542 4.500000 1280.900024 78
88 98 40.000000 4.500000 1280.900024 79
87 88 40.000000 4.500000 1280.900024 79
97 98 40.000000 4.500000 1280.900024 79
87 98 56.568542 4.500000 1280.900024 79
97 88 56.568542 4.500000 1280.900024 79
89 99 40.000000 4.500000 1280.900024 80
88 89 40.000000 4.500000 1280.900024 80
98 99 40.000000 4.500000 1280.900024 80
88 99 56.568542 4.500000 1280.900024 80
98 89 56.568542 4.500000 1280.900024 80
staticjoints=0
