77
4.000000
4.000000
4.000000
4.000000
4.000000
4.000000
4.000000
4.000000
4.000000
4.000000
4.000000
4.000000
4.000000
4.000000
4.000000
4.000000
4.000000
4.000000
4.000000
4.000000
4.000000
4.000000
4.000000
4.000000
4.000000
4.000000
4.000000
4.000000
4.000000
20.000000
20.000000
20.000000
20.000000
20.000000
20.000000
20.000000
20.000000
20.000000
20.000000
20.000000
20.000000
20.000000
20.000000
20.000000
20.000000
4.000000
4.000000
4.000000
4.000000
4.000000
4.000000
4.000000
4.000000
4.000000
4.000000
4.000000
4.000000
1.000000
1.000000
1.000000
1.000000
1.000000
1.000000
1.000000
1.000000
1.000000
1.000000
1.000000
1.000000
1.000000
1.000000
1.000000
1.000000
1.000000
1.000000
1.000000
1.000000
77
87.121719 645.719543
18.121778 -89.280479
247.122101 -87.280479
372.121948 714.719543
247.122101 727.719543
750.000000 401.000000
746.193970 420.134155
735.355347 436.355347
719.134155 447.193970
700.000000 451.000000
680.865845 447.193970
664.644653 436.355347
653.806030 420.134155
650.000000 401.000000
653.806030 381.865845
664.644653 365.644653
680.865845 354.806030
700.000000 351.000000
719.134155 354.806030
735.355347 365.644653
746.193970 381.865845
309.000000 711.000000
1024.204346 754.090820
993.218079 839.889648
300.000000 818.000000
1105.000000 470.000000
1255.000000 251.000000
1169.000000 700.000000
997.933472 845.937012
1030.837646 729.906311
1018.925354 745.582825
1002.078003 752.626526
982.942627 751.464966
963.943359 750.374207
948.315979 740.492737
938.287964 723.337280
935.976135 703.939026
941.056519 684.763550
953.500061 669.766541
970.440063 660.455383
989.773132 658.042236
1008.579346 663.201477
1024.050415 674.761780
1034.185059 691.503845
1036.233521 711.105103
80.946686 -231.700043
783.599976 -355.022888
363.470795 -12.386650
133.153687 -20.854187
1410.756714 92.136414
1698.798096 77.796509
1698.798096 127.796509
1284.565918 249.874908
304.827362 225.788849
585.692871 234.478821
579.956909 271.762482
313.424957 284.252594
353.665283 33.442715
409.052704 76.630318
464.268219 121.622589
518.934631 171.502045
557.999512 234.000381
602.305664 308.296692
675.660645 283.340454
752.852905 311.756226
813.323486 366.434509
860.118713 420.249268
808.852112 468.355652
766.612061 412.458527
727.867798 354.407135
657.723694 345.818024
575.335938 327.769684
514.776184 274.202362
466.837250 188.683716
415.997986 174.168518
364.762909 131.005081
310.285217 88.467499
77
0.000000 0.000000
0.000000 0.000000
0.000000 0.000000
0.000000 0.000000
0.000000 0.000000
0.000000 0.000000
0.000000 0.000000
0.000000 0.000000
0.000000 0.000000
0.000000 0.000000
0.000000 0.000000
0.000000 0.000000
0.000000 0.000000
0.000000 0.000000
0.000000 0.000000
0.000000 0.000000
0.000000 0.000000
0.000000 0.000000
0.000000 0.000000
0.000000 0.000000
0.000000 0.000000
0.000000 0.000000
0.000000 0.000000
0.000000 0.000000
0.000000 0.000000
0.000000 0.000000
0.000000 0.000000
0.000000 0.000000
0.000000 0.000000
-0.000009 0.000048
0.000010 0.000015
-0.000402 0.006054
0.000554 -0.010261
-0.000550 0.008148
-0.000113 0.000014
0.000083 0.000033
-0.000063 -0.000047
0.000081 0.000121
-0.000013 -0.000012
-0.000075 -0.000053
-0.000027 -0.000067
-0.000041 -0.000058
0.000036 -0.000154
-0.000096 0.000104
0.001572 0.000342
0.000000 0.000000
0.000000 0.000000
0.000000 0.000000
0.000000 0.000000
0.000000 0.000000
0.000000 0.000000
0.000000 0.000000
0.000000 0.000000
0.000000 0.000000
0.000000 0.000000
0.000000 0.000000
0.000000 0.000000
-0.000003 -0.000001
-0.000004 -0.000003
0.000003 -0.000003
-0.000009 -0.000003
-0.005278 0.012845
0.010017 -0.478118
0.000010 -0.000007
-0.000028 0.000052
-0.000068 -0.000001
-0.000010 -0.000000
-0.000003 -0.000004
-0.009797 0.006540
-0.010799 0.021516
-0.001953 0.015630
0.000008 -0.000000
-0.050621 -0.000575
-0.019584 0.715567
0.000004 -0.000007
0.000002 -0.000005
-0.000001 -0.000004
77
-25.000000 -25.000000
302.000000 363.000000
25.000000 -25.000000
25.000000 25.000000
-25.000000 25.000000
50.000000 0.000000
46.193970 19.134155
35.355347 35.355347
19.134155 46.193970
0.000000 50.000000
-19.134155 46.193970
-35.355347 35.355347
-46.193970 19.134155
-50.000000 0.000000
-46.193970 -19.134155
-35.355347 -35.355316
-19.134155 -46.193970
0.000000 -50.000000
19.134155 -46.193970
35.355347 -35.355316
46.193970 -19.134155
-25.000000 -25.000000
25.000000 -25.000000
25.000000 25.000000
-25.000000 25.000000
-25.000000 -25.000000
25.000000 -25.000000
25.000000 25.000000
-25.000000 25.000000
50.000000 0.000000
46.193970 19.134186
35.355347 35.355347
19.134155 46.193970
0.000000 50.000000
-19.134155 46.193970
-35.355347 35.355347
-46.193970 19.134186
-50.000000 0.000000
-46.193970 -19.134155
-35.355347 -35.355316
-19.134155 -46.193970
0.000000 -50.000000
19.134155 -46.193970
35.355347 -35.355316
46.193970 -19.134155
-25.000000 -25.000000
25.000000 -25.000000
25.000000 25.000000
-25.000000 25.000000
-25.000000 -25.000000
25.000000 -25.000000
25.000000 25.000000
-25.000000 25.000000
-25.000000 -25.000000
25.000000 -25.000000
25.000000 25.000000
-25.000000 25.000000
-315.000000 -35.000000
-245.000000 -35.000000
-175.000000 -35.000000
-105.000000 -35.000000
-35.000000 -35.000000
35.000000 -35.000000
105.000000 -35.000000
175.000000 -35.000000
245.000000 -35.000000
315.000000 -35.000000
315.000000 35.000000
245.000000 35.000000
175.000000 35.000000
105.000000 35.000000
35.000000 35.000000
-35.000000 35.000000
-105.000000 35.000000
-175.000000 35.000000
-245.000000 35.000000
-315.000000 35.000000
shapes=9
start=0 end=5 volume=0.000000 isStatic=1 selfIntersecting=0 parentId=-1 indices=65535,65535,65535,65535 interiorEdges=0,0,0,0
start=5 end=21 volume=300.000000 isStatic=1 selfIntersecting=0 parentId=-1 indices=65535,65535,65535,65535 interiorEdges=0,0,0,0
start=21 end=25 volume=0.000000 isStatic=1 selfIntersecting=0 parentId=-1 indices=65535,65535,65535,65535 interiorEdges=0,0,0,0
start=25 end=29 volume=0.000000 isStatic=1 selfIntersecting=0 parentId=-1 indices=65535,65535,65535,65535 interiorEdges=0,0,0,0
start=29 end=45 volume=300.000000 isStatic=0 selfIntersecting=0 parentId=-1 indices=65535,65535,65535,65535 interiorEdges=0,0,0,0
start=45 end=49 volume=0.000000 isStatic=1 selfIntersecting=0 parentId=-1 indices=65535,65535,65535,65535 interiorEdges=0,0,0,0
start=49 end=53 volume=0.000000 isStatic=1 selfIntersecting=0 parentId=-1 indices=65535,65535,65535,65535 interiorEdges=0,0,0,0
start=53 end=57 volume=0.000000 isStatic=1 selfIntersecting=0 parentId=-1 indices=65535,65535,65535,65535 interiorEdges=0,0,0,0
start=57 end=77 volume=0.000000 isStatic=0 selfIntersecting=0 parentId=-1 indices=65535,65535,65535,65535 interiorEdges=0,0,0,0
staticjoints=0
