92
0.250000
0.250000
0.250000
0.250000
0.250000
0.250000
0.250000
0.250000
0.250000
0.250000
0.250000
0.250000
0.250000
0.250000
0.250000
0.250000
0.250000
0.250000
0.250000
0.250000
0.250000
0.250000
0.250000
0.250000
0.250000
0.250000
0.250000
0.250000
0.250000
0.250000
0.250000
0.250000
0.250000
0.250000
0.250000
0.250000
0.250000
0.250000
0.250000
0.250000
0.250000
0.250000
0.250000
0.250000
0.250000
0.250000
0.250000
0.250000
0.250000
0.250000
0.250000
0.250000
0.250000
0.250000
0.250000
0.250000
0.250000
0.250000
0.250000
0.250000
0.250000
0.250000
0.250000
0.250000
0.250000
0.250000
0.250000
0.250000
0.250000
0.250000
0.250000
0.250000
0.250000
0.250000
0.250000
0.250000
0.250000
0.250000
0.250000
0.250000
1.000000
1.000000
1.000000
1.000000
1.000000
1.000000
1.000000
1.000000
1.000000
1.000000
1.000000
1.000000
92
150.000000 -619.114075
180.000000 -619.114075
180.000000 -589.114075
150.000000 -589.114075
152.000000 -526.114502
182.000000 -526.114502
182.000000 -496.114410
152.000000 -496.114410
154.000000 -433.113800
184.000000 -433.113800
184.000000 -403.113770
154.000000 -403.113770
156.000031 -340.115723
185.999969 -340.115723
185.999969 -310.115723
156.000031 -310.115723
158.000061 -247.116180
187.999939 -247.116180
188.000046 -217.116119
157.999954 -217.116119
159.999985 -154.117569
190.000015 -154.117569
190.000015 -124.117615
159.999985 -124.117615
162.000015 -61.114979
191.999985 -61.114979
191.999985 -31.114981
162.000015 -31.114981
164.000000 31.884083
194.000000 31.884083
194.000000 61.884083
164.000000 61.884083
166.000000 124.884590
196.000000 124.884590
196.000000 154.884583
166.000000 154.884583
168.000000 217.884338
198.000000 217.884338
198.000000 247.884338
168.000000 247.884338
170.000000 310.884521
200.000000 310.884521
200.000000 340.884521
170.000000 340.884521
172.000000 403.884521
202.000000 403.884521
202.000000 433.884521
172.000000 433.884521
174.000000 496.884216
204.000000 496.884216
204.000000 526.884216
174.000000 526.884216
176.000000 589.884705
206.000000 589.884705
206.000000 619.884644
176.000000 619.884644
175.202759 627.757324
206.049179 624.979065
208.849640 654.981018
178.077042 656.745422
163.458160 663.096313
191.913300 656.600647
198.952789 686.980652
170.442169 693.109009
178.251297 693.970642
205.250153 684.894592
213.769867 713.275696
188.106979 723.789001
109.258369 699.046143
138.320755 692.388672
146.158356 719.466736
117.754807 729.222351
200.812057 718.739136
229.308060 706.789551
240.844727 733.598938
212.654816 746.858459
250.244415 717.564880
278.753204 708.437378
285.563171 739.598145
256.111267 745.875977
-36.000000 0.000000
4.000000 0.000000
4.000000 755.000000
-36.000000 755.000000
1214.000000 0.000000
1254.000000 0.000000
1254.000000 755.000000
1214.000000 755.000000
1.000000 755.000000
1218.000000 755.000000
1218.000000 835.000000
1.000000 835.000000
92
0.000000 0.557634
-0.000000 0.557634
-0.000000 0.557634
0.000000 0.557634
-0.000001 0.557632
0.000001 0.557632
0.000001 0.557635
-0.000001 0.557635
0.000000 0.557635
-0.000000 0.557635
-0.000000 0.557634
0.000000 0.557634
-0.000004 0.557634
0.000004 0.557634
0.000004 0.557633
-0.000004 0.557633
-0.000004 0.557635
0.000004 0.557635
-0.000008 0.557634
0.000008 0.557634
-0.000005 0.557633
0.000005 0.557633
0.000005 0.557634
-0.000005 0.557634
0.000006 0.557635
-0.000006 0.557635
-0.000006 0.557635
0.000006 0.557635
0.000000 0.557635
-0.000000 0.557635
-0.000000 0.557634
0.000000 0.557634
-0.000000 0.557634
0.000000 0.557634
0.000000 0.557634
-0.000000 0.557634
-0.000000 0.557635
0.000000 0.557635
0.000000 0.557635
-0.000000 0.557635
-0.000000 0.557634
0.000000 0.557634
0.000000 0.557634
-0.000000 0.557634
0.000000 0.557634
-0.000000 0.557634
-0.000000 0.557634
0.000000 0.557634
-0.000001 0.557632
0.000001 0.557632
0.000001 0.557637
-0.000001 0.557637
0.000000 0.557635
-0.000000 0.557635
-0.000000 0.557634
0.000000 0.557634
-0.036987 0.102071
-0.025811 0.067385
0.020160 0.035321
0.000024 0.013587
-0.161207 0.189892
-0.160070 0.090975
0.016951 0.115667
-0.129852 0.084648
-0.085115 0.164835
-0.044068 0.117323
0.048482 0.301141
-0.023611 0.288815
-0.152044 0.058521
-0.207106 0.020709
-0.215313 0.118934
-0.137843 0.095328
0.106547 0.262598
0.058176 0.246415
0.115488 0.288022
0.209690 0.323562
0.225338 -0.062903
0.142243 0.018805
0.190617 -0.043740
0.220137 0.063786
0.000000 0.000000
0.000000 0.000000
0.000000 0.000000
0.000000 0.000000
0.000000 0.000000
0.000000 0.000000
0.000000 0.000000
0.000000 0.000000
0.000000 0.000000
0.000000 0.000000
0.000000 0.000000
0.000000 0.000000
92
-15.000000 -15.000000
15.000000 -15.000000
15.000000 15.000000
-15.000000 15.000000
-15.000000 -15.000000
15.000000 -15.000000
15.000000 15.000000
-15.000000 15.000000
-15.000000 -15.000000
15.000000 -15.000000
15.000000 15.000000
-15.000000 15.000000
-15.000000 -15.000000
15.000000 -15.000000
15.000000 15.000000
-15.000000 15.000000
-15.000000 -15.000000
15.000000 -15.000000
15.000000 15.000000
-15.000000 15.000000
-15.000000 -15.000000
15.000000 -15.000000
15.000000 15.000000
-15.000000 15.000000
-15.000000 -15.000000
15.000000 -15.000000
15.000000 15.000000
-15.000000 15.000000
-15.000000 -15.000000
15.000000 -15.000000
15.000000 15.000000
-15.000000 15.000000
-15.000000 -15.000000
15.000000 -15.000000
15.000000 15.000000
-15.000000 15.000000
-15.000000 -15.000000
15.000000 -15.000000
15.000000 15.000000
-15.000000 15.000000
-15.000000 -15.000000
15.000000 -15.000000
15.000000 15.000000
-15.000000 15.000000
-15.000000 -15.000000
15.000000 -15.000000
15.000000 15.000000
-15.000000 15.000000
-15.000000 -15.000000
15.000000 -15.000000
15.000000 15.000000
-15.000000 15.000000
-15.000000 -15.000000
15.000000 -15.000000
15.000000 15.000000
-15.000000 15.000000
-15.000000 -15.000000
15.000000 -15.000000
15.000000 15.000000
-15.000000 15.000000
-15.000000 -15.000000
15.000000 -15.000000
15.000000 15.000000
-15.000000 15.000000
-15.000000 -15.000000
15.000000 -15.000000
15.000000 15.000000
-15.000000 15.000000
-15.000000 -15.000000
15.000000 -15.000000
15.000000 15.000000
-15.000000 15.000000
-15.000000 -15.000000
15.000000 -15.000000
15.000000 15.000000
-15.000000 15.000000
-15.000000 -15.000000
15.000000 -15.000000
15.000000 15.000000
-15.000000 15.000000
-20.000000 -377.500000
20.000000 -377.500000
20.000000 377.500000
-20.000000 377.500000
-20.000000 -377.500000
20.000000 -377.500000
20.000000 377.500000
-20.000000 377.500000
-608.500000 -40.000000
608.500000 -40.000000
608.500000 40.000000
-608.500000 40.000000
92
150.000000 -619.671631
180.000000 -619.671631
180.000000 -589.671631
150.000000 -589.671631
152.000000 -526.671936
182.000000 -526.671936
182.000000 -496.671936
152.000000 -496.671936
154.000000 -433.671295
184.000000 -433.671295
184.000000 -403.671295
154.000000 -403.671295
156.000000 -340.673248
186.000000 -340.673248
186.000000 -310.673248
156.000000 -310.673248
158.000000 -247.673676
188.000000 -247.673676
188.000000 -217.673676
158.000000 -217.673676
160.000000 -154.675110
190.000000 -154.675110
190.000000 -124.675110
160.000000 -124.675110
162.000000 -61.672508
192.000000 -61.672508
192.000000 -31.672508
162.000000 -31.672508
164.000000 31.326557
194.000000 31.326557
194.000000 61.326557
164.000000 61.326557
166.000000 124.327057
196.000000 124.327057
196.000000 154.327057
166.000000 154.327057
168.000000 217.326813
198.000000 217.326813
198.000000 247.326813
168.000000 247.326813
170.000000 310.326996
200.000000 310.326996
200.000000 340.326996
170.000000 340.326996
172.000000 403.326996
202.000000 403.326996
202.000000 433.326996
172.000000 433.326996
174.000000 496.326660
204.000000 496.326660
204.000000 526.326660
174.000000 526.326660
176.000000 589.327148
206.000000 589.327148
206.000000 619.327148
176.000000 619.327148
175.857285 627.363831
205.752884 624.863159
208.253555 654.758728
178.357956 657.259399
163.374252 663.483948
192.642960 656.900391
199.226517 686.169128
169.957809 692.752686
177.332733 694.406738
205.728119 684.726807
215.408112 713.122192
187.012726 722.802124
109.511658 699.648193
138.360718 691.418274
146.590637 720.267334
117.741577 728.497253
201.054321 718.419495
228.579697 706.488281
240.510895 734.013611
212.985519 745.944824
249.404404 716.761658
278.587006 709.806458
285.542236 738.989075
256.359650 745.944275
-36.000000 0.000000
4.000000 0.000000
4.000000 755.000000
-36.000000 755.000000
1214.000000 0.000000
1254.000000 0.000000
1254.000000 755.000000
1214.000000 755.000000
1.000000 755.000000
1218.000000 755.000000
1218.000000 835.000000
1.000000 835.000000
shapes=23
start=0 end=4 volume=0.000000 isStatic=0 parentIndex=-1 disableShapeMatching=0
start=4 end=8 volume=0.000000 isStatic=0 parentIndex=-1 disableShapeMatching=0
start=8 end=12 volume=0.000000 isStatic=0 parentIndex=-1 disableShapeMatching=0
start=12 end=16 volume=0.000000 isStatic=0 parentIndex=-1 disableShapeMatching=0
start=16 end=20 volume=0.000000 isStatic=0 parentIndex=-1 disableShapeMatching=0
start=20 end=24 volume=0.000000 isStatic=0 parentIndex=-1 disableShapeMatching=0
start=24 end=28 volume=0.000000 isStatic=0 parentIndex=-1 disableShapeMatching=0
start=28 end=32 volume=0.000000 isStatic=0 parentIndex=-1 disableShapeMatching=0
start=32 end=36 volume=0.000000 isStatic=0 parentIndex=-1 disableShapeMatching=0
start=36 end=40 volume=0.000000 isStatic=0 parentIndex=-1 disableShapeMatching=0
start=40 end=44 volume=0.000000 isStatic=0 parentIndex=-1 disableShapeMatching=0
start=44 end=48 volume=0.000000 isStatic=0 parentIndex=-1 disableShapeMatching=0
start=48 end=52 volume=0.000000 isStatic=0 parentIndex=-1 disableShapeMatching=0
start=52 end=56 volume=0.000000 isStatic=0 parentIndex=-1 disableShapeMatching=0
start=56 end=60 volume=0.000000 isStatic=0 parentIndex=-1 disableShapeMatching=0
start=60 end=64 volume=0.000000 isStatic=0 parentIndex=-1 disableShapeMatching=0
start=64 end=68 volume=0.000000 isStatic=0 parentIndex=-1 disableShapeMatching=0
start=68 end=72 volume=0.000000 isStatic=0 parentIndex=-1 disableShapeMatching=0
start=72 end=76 volume=0.000000 isStatic=0 parentIndex=-1 disableShapeMatching=0
start=76 end=80 volume=0.000000 isStatic=0 parentIndex=-1 disableShapeMatching=0
start=80 end=84 volume=0.000000 isStatic=1 parentIndex=-1 disableShapeMatching=0
start=84 end=88 volume=0.000000 isStatic=1 parentIndex=-1 disableShapeMatching=0
start=88 end=92 volume=0.000000 isStatic=1 parentIndex=-1 disableShapeMatching=0
springs=120
0 1 30.000000 5.000000 7.225000 0
1 2 30.000000 5.000000 7.225000 0
2 3 30.000000 5.000000 7.225000 0
3 0 30.000000 5.000000 7.225000 0
0 2 42.426407 5.000000 7.225000 0
1 3 42.426407 5.000000 7.225000 0
4 5 30.000000 5.000000 7.225000 1
5 6 30.000000 5.000000 7.225000 1
6 7 30.000000 5.000000 7.225000 1
7 4 30.000000 5.000000 7.225000 1
4 6 42.426407 5.000000 7.225000 1
5 7 42.426407 5.000000 7.225000 1
8 9 30.000000 5.000000 7.225000 2
9 10 30.000000 5.000000 7.225000 2
10 11 30.000000 5.000000 7.225000 2
11 8 30.000000 5.000000 7.225000 2
8 10 42.426407 5.000000 7.225000 2
9 11 42.426407 5.000000 7.225000 2
12 13 30.000000 5.000000 7.225000 3
13 14 30.000000 5.000000 7.225000 3
14 15 30.000000 5.000000 7.225000 3
15 12 30.000000 5.000000 7.225000 3
12 14 42.426407 5.000000 7.225000 3
13 15 42.426407 5.000000 7.225000 3
16 17 30.000000 5.000000 7.225000 4
17 18 30.000000 5.000000 7.225000 4
18 19 30.000000 5.000000 7.225000 4
19 16 30.000000 5.000000 7.225000 4
16 18 42.426407 5.000000 7.225000 4
17 19 42.426407 5.000000 7.225000 4
20 21 30.000000 5.000000 7.225000 5
21 22 30.000000 5.000000 7.225000 5
22 23 30.000000 5.000000 7.225000 5
23 20 30.000000 5.000000 7.225000 5
20 22 42.426407 5.000000 7.225000 5
21 23 42.426407 5.000000 7.225000 5
24 25 30.000000 5.000000 7.225000 6
25 26 30.000000 5.000000 7.225000 6
26 27 30.000000 5.000000 7.225000 6
27 24 30.000000 5.000000 7.225000 6
24 26 42.426407 5.000000 7.225000 6
25 27 42.426407 5.000000 7.225000 6
28 29 30.000000 5.000000 7.225000 7
29 30 30.000000 5.000000 7.225000 7
30 31 30.000000 5.000000 7.225000 7
31 28 30.000000 5.000000 7.225000 7
28 30 42.426407 5.000000 7.225000 7
29 31 42.426407 5.000000 7.225000 7
32 33 30.000000 5.000000 7.225000 8
33 34 30.000000 5.000000 7.225000 8
34 35 30.000000 5.000000 7.225000 8
35 32 30.000000 5.000000 7.225000 8
32 34 42.426407 5.000000 7.225000 8
33 35 42.426407 5.000000 7.225000 8
36 37 30.000000 5.000000 7.225000 9
37 38 30.000000 5.000000 7.225000 9
38 39 30.000000 5.000000 7.225000 9
39 36 30.000000 5.000000 7.225000 9
36 38 42.426407 5.000000 7.225000 9
37 39 42.426407 5.000000 7.225000 9
40 41 30.000000 5.000000 7.225000 10
41 42 30.000000 5.000000 7.225000 10
42 43 30.000000 5.000000 7.225000 10
43 40 30.000000 5.000000 7.225000 10
40 42 42.426407 5.000000 7.225000 10
41 43 42.426407 5.000000 7.225000 10
44 45 30.000000 5.000000 7.225000 11
45 46 30.000000 5.000000 7.225000 11
46 47 30.000000 5.000000 7.225000 11
47 44 30.000000 5.000000 7.225000 11
44 46 42.426407 5.000000 7.225000 11
45 47 42.426407 5.000000 7.225000 11
48 49 30.000000 5.000000 7.225000 12
49 50 30.000000 5.000000 7.225000 12
50 51 30.000000 5.000000 7.225000 12
51 48 30.000000 5.000000 7.225000 12
48 50 42.426407 5.000000 7.225000 12
49 51 42.426407 5.000000 7.225000 12
52 53 30.000000 5.000000 7.225000 13
53 54 30.000000 5.000000 7.225000 13
54 55 30.000000 5.000000 7.225000 13
55 52 30.000000 5.000000 7.225000 13
52 54 42.426407 5.000000 7.225000 13
53 55 42.426407 5.000000 7.225000 13
56 57 30.000000 5.000000 7.225000 14
57 58 30.000000 5.000000 7.225000 14
58 59 30.000000 5.000000 7.225000 14
59 56 30.000000 5.000000 7.225000 14
56 58 42.426407 5.000000 7.225000 14
57 59 42.426407 5.000000 7.225000 14
60 61 30.000000 5.000000 7.225000 15
61 62 30.000000 5.000000 7.225000 15
62 63 30.000000 5.000000 7.225000 15
63 60 30.000000 5.000000 7.225000 15
60 62 42.426407 5.000000 7.225000 15
61 63 42.426407 5.000000 7.225000 15
64 65 30.000000 5.000000 7.225000 16
65 66 30.000000 5.000000 7.225000 16
66 67 30.000000 5.000000 7.225000 16
67 64 30.000000 5.000000 7.225000 16
64 66 42.426407 5.000000 7.225000 16
65 67 42.426407 5.000000 7.225000 16
68 69 30.000000 5.000000 7.225000 17
69 70 30.000000 5.000000 7.225000 17
70 71 30.000000 5.000000 7.225000 17
71 68 30.000000 5.000000 7.225000 17
68 70 42.426407 5.000000 7.225000 17
69 71 42.426407 5.000000 7.225000 17
72 73 30.000000 5.000000 7.225000 18
73 74 30.000000 5.000000 7.225000 18
74 75 30.000000 5.000000 7.225000 18
75 72 30.000000 5.000000 7.225000 18
72 74 42.426407 5.000000 7.225000 18
73 75 42.426407 5.000000 7.225000 18
76 77 30.000000 5.000000 7.225000 19
77 78 30.000000 5.000000 7.225000 19
78 79 30.000000 5.000000 7.225000 19
79 76 30.000000 5.000000 7.225000 19
76 78 42.426407 5.000000 7.225000 19
77 79 42.426407 5.000000 7.225000 19
staticjoints=0
