194
1.000000
1.000000
1.000000
1.000000
1.000000
1.000000
1.000000
1.000000
1.000000
1.000000
1.000000
1.000000
1.000000
1.000000
1.000000
1.000000
1.000000
1.000000
1.000000
1.000000
1.000000
1.000000
1.000000
1.000000
1.000000
1.000000
1.000000
1.000000
1.000000
1.000000
1.000000
1.000000
1.000000
1.000000
0.250000
0.250000
0.250000
0.250000
0.250000
0.250000
0.250000
0.250000
0.250000
0.250000
0.250000
0.250000
0.250000
0.250000
0.250000
0.250000
0.250000
0.250000
0.250000
0.250000
0.250000
0.250000
0.250000
0.250000
0.250000
0.250000
0.250000
0.250000
0.250000
0.250000
0.250000
0.250000
0.250000
0.250000
0.250000
0.250000
0.250000
0.250000
0.250000
0.250000
0.250000
0.250000
0.250000
0.250000
0.250000
0.250000
0.250000
0.250000
0.250000
0.250000
0.250000
0.250000
0.250000
0.250000
0.250000
0.250000
0.250000
0.250000
0.250000
0.250000
0.250000
0.250000
0.250000
0.250000
0.250000
0.250000
0.250000
0.250000
0.250000
0.250000
0.250000
0.250000
0.250000
0.250000
0.250000
0.250000
0.250000
0.250000
0.250000
0.250000
0.250000
0.250000
0.250000
0.250000
0.250000
0.250000
0.250000
0.250000
0.250000
0.250000
0.250000
0.250000
0.250000
0.250000
0.250000
0.250000
0.250000
0.250000
0.250000
0.250000
0.250000
0.250000
0.250000
0.250000
0.250000
0.250000
0.250000
0.250000
0.250000
0.250000
0.250000
0.250000
0.250000
0.250000
0.250000
0.250000
0.250000
0.250000
0.250000
0.250000
0.250000
0.250000
0.250000
0.250000
0.250000
0.250000
0.250000
0.250000
0.250000
0.250000
0.250000
0.250000
0.250000
0.250000
0.250000
0.250000
0.250000
0.250000
0.250000
0.250000
0.250000
0.250000
0.250000
0.250000
0.250000
0.250000
0.250000
0.250000
0.250000
0.250000
0.250000
0.250000
0.250000
0.250000
0.250000
0.250000
0.250000
0.250000
0.250000
0.250000
194
200.000000 340.000000
280.775574 355.928040
355.551025 377.171539
427.630096 397.299866
499.683197 411.860229
572.693298 418.958832
646.720093 418.569885
721.512268 411.880707
796.827515 400.455780
872.593201 385.746979
949.130920 369.182739
1027.714600 353.116425
1110.000000 340.000000
1110.000000 410.000000
1037.503662 417.761963
962.202881 433.627502
885.537292 450.264587
807.871155 465.435944
729.261841 477.476868
649.737671 484.710968
569.678101 485.270813
490.151764 477.769226
412.679474 462.466400
338.368500 442.064545
267.390289 421.424835
200.000000 410.000000
149.000000 90.000000
199.000000 90.000000
199.000000 690.000000
149.000000 690.000000
1111.000000 90.000000
1161.000000 90.000000
1161.000000 690.000000
1111.000000 690.000000
374.191437 170.236877
371.668304 185.649429
363.442566 198.427750
350.434875 207.130188
335.120422 209.955887
319.857300 206.860779
306.960907 198.105896
298.259979 185.109787
295.355103 169.778351
298.513794 154.447189
307.278687 141.587158
320.400452 133.017746
335.715179 130.148041
351.411926 133.423767
363.892548 142.015701
372.053528 154.986435
453.045471 182.041733
450.294373 197.175140
441.743500 209.697998
428.415771 217.871780
413.053192 220.113617
397.993835 216.573959
385.415741 207.415283
377.782959 194.588394
376.042023 178.485077
379.161255 162.926376
387.747101 150.822800
401.173798 142.793701
416.510651 140.534546
431.968658 144.398773
444.218506 153.344788
451.299377 166.669785
532.481018 179.021606
530.337402 194.135574
523.177917 207.355850
510.288147 216.222717
495.162018 219.656372
479.909241 216.904785
466.703796 208.659637
458.438507 196.309418
455.657776 180.742462
457.817596 164.661087
465.383209 151.956589
478.378998 143.099197
493.491577 139.791000
509.147186 142.784363
522.018188 150.832031
529.697021 163.814911
611.311218 177.311081
609.019592 192.245590
601.963501 205.464417
589.016113 214.277817
573.901978 217.696075
558.682556 214.884293
545.464050 206.545898
537.381042 194.220093
534.811890 178.593826
536.818848 162.515503
544.351379 149.866867
557.412842 141.004807
572.522278 137.766464
588.131226 140.839371
601.000000 148.943283
608.488953 161.986725
690.118591 176.561218
687.687805 191.450287
680.570251 204.642258
667.558350 213.365799
652.427002 216.693741
637.229553 213.769257
624.060547 205.319458
616.194214 192.980728
613.776794 177.363983
615.855713 161.205505
623.346069 148.639923
636.489014 139.843109
651.605713 136.720566
667.197510 139.917557
680.003113 148.120850
687.364197 161.238602
768.823547 176.375168
766.434326 191.288574
759.261169 204.441910
746.185791 213.094696
731.049011 216.370041
715.884277 213.371017
702.724121 204.870087
694.986511 192.517761
692.617798 176.844376
694.783325 160.701401
702.252625 148.183182
715.467712 139.452560
730.575439 136.385956
746.141907 139.670059
758.943542 147.904236
766.264465 161.050308
847.990112 176.970428
845.189575 191.916534
837.756226 204.994904
824.665833 213.585876
809.479675 216.688553
794.288879 213.665604
781.263855 205.011566
773.516663 192.623535
771.176392 176.882248
773.542236 160.804062
781.190186 148.359894
794.378296 139.668137
809.563171 136.780594
825.130920 140.112106
837.835266 148.457230
845.207825 161.625504
927.440125 176.538742
924.993103 191.577194
917.240356 204.603104
904.166321 213.236176
888.995544 216.346451
873.799622 213.401474
860.757263 204.764999
852.819275 192.393738
850.856506 176.679565
852.774963 160.606796
860.530823 148.150375
873.694763 139.402222
888.873840 136.523956
904.439636 139.774429
917.176331 148.095062
924.928284 161.157166
1007.876648 176.454727
1005.542053 191.649704
997.285583 204.641922
984.276123 213.322083
969.077393 216.497940
953.857056 213.576721
940.795837 205.021194
932.715759 192.607880
930.417175 177.011215
932.590454 160.904327
940.390503 148.370041
953.501892 139.619308
968.680969 136.650620
984.316772 139.878098
997.030823 148.140381
1005.288513 161.113647
1088.571655 168.770248
1086.036255 184.181808
1077.662354 197.406235
1064.931030 206.405701
1049.805176 209.946976
1034.455688 207.502518
1021.251160 199.250931
1012.766174 187.039062
1009.931152 171.502396
1011.767639 155.384827
1019.442627 142.629990
1032.116699 133.530090
1047.256226 130.161789
1062.636719 132.681152
1075.867310 140.881180
1085.069824 153.556091
194
0.000000 0.000000
0.023716 0.024288
0.042745 0.036943
0.061663 0.040152
0.079651 0.037026
0.093172 0.031527
0.099326 0.025101
0.096474 0.016244
0.084892 0.003549
0.067068 -0.010583
0.046530 -0.019707
0.024818 -0.017784
0.000000 0.000000
0.000000 0.000000
0.025077 -0.003661
0.053977 -0.008608
0.079725 -0.003310
0.097465 0.007569
0.105553 0.017327
0.105305 0.023103
0.098553 0.026545
0.085552 0.029501
0.066167 0.030152
0.042430 0.024185
0.018642 0.009569
0.000000 0.000000
0.000000 0.000000
0.000000 0.000000
0.000000 0.000000
0.000000 0.000000
0.000000 0.000000
0.000000 0.000000
0.000000 0.000000
0.000000 0.000000
-0.093274 0.189206
-0.095161 0.188893
-0.096350 0.189311
-0.096560 0.188727
-0.096549 0.189206
-0.096498 0.188782
-0.096694 0.189033
-0.096251 0.188781
-0.096573 0.188835
-0.096276 0.188978
-0.096446 0.188726
-0.096408 0.189023
-0.096461 0.188643
-0.097576 0.188588
-0.096349 0.188774
-0.095540 0.189078
-0.076162 0.197735
-0.077522 0.198166
-0.080367 0.197514
-0.079746 0.198131
-0.080067 0.197229
-0.080495 0.197958
-0.079835 0.197101
-0.082161 0.196335
-0.082592 0.197829
-0.082150 0.198493
-0.079378 0.197988
-0.080236 0.197151
-0.079846 0.198049
-0.080390 0.196486
-0.080277 0.197983
-0.076564 0.197409
-0.055124 0.196923
-0.053700 0.198200
-0.059431 0.196455
-0.057412 0.198755
-0.058278 0.195876
-0.059015 0.198821
-0.057323 0.196502
-0.061720 0.197059
-0.060501 0.197193
-0.061931 0.198409
-0.057258 0.198718
-0.059480 0.196469
-0.058611 0.199118
-0.058835 0.195439
-0.059702 0.198384
-0.053876 0.196221
-0.031617 0.194980
-0.030478 0.196613
-0.036219 0.195041
-0.034454 0.196890
-0.035234 0.194388
-0.035957 0.196825
-0.034401 0.195094
-0.038737 0.195174
-0.038435 0.195557
-0.038764 0.196863
-0.034295 0.196834
-0.036318 0.195194
-0.035464 0.197335
-0.035769 0.194099
-0.036414 0.196579
-0.030602 0.194658
-0.006980 0.193819
-0.005481 0.195583
-0.011540 0.193786
-0.009614 0.195843
-0.010440 0.193044
-0.011244 0.195768
-0.009493 0.193915
-0.014407 0.194009
-0.013970 0.194270
-0.014477 0.195742
-0.009444 0.195809
-0.011684 0.194018
-0.010735 0.196386
-0.010985 0.192846
-0.011796 0.195483
-0.005601 0.193399
0.018614 0.193553
0.019746 0.195214
0.013721 0.193437
0.015667 0.195470
0.014827 0.192671
0.013992 0.195333
0.015794 0.193525
0.010746 0.193495
0.011195 0.193884
0.010712 0.195347
0.015901 0.195369
0.013643 0.193636
0.014607 0.195972
0.014399 0.192477
0.013517 0.195123
0.019608 0.193116
0.041904 0.194089
0.043647 0.195604
0.038192 0.193909
0.039893 0.195795
0.039175 0.193260
0.038440 0.195539
0.040015 0.193925
0.035412 0.193716
0.035946 0.194270
0.035406 0.195658
0.040238 0.195596
0.038274 0.194070
0.039112 0.196133
0.038822 0.192953
0.038074 0.195519
0.043653 0.193712
0.065718 0.193171
0.066877 0.194491
0.062248 0.192919
0.064015 0.194969
0.063287 0.192403
0.062500 0.194751
0.064097 0.193031
0.059803 0.192961
0.059414 0.193433
0.059696 0.194764
0.064237 0.194759
0.062193 0.193098
0.063059 0.195146
0.062816 0.191915
0.062000 0.194605
0.066829 0.192873
0.086728 0.193953
0.085807 0.194494
0.084274 0.194150
0.084852 0.194719
0.084572 0.194027
0.084216 0.194543
0.084661 0.194259
0.082316 0.193269
0.080744 0.193896
0.082145 0.195697
0.084747 0.194722
0.083907 0.194460
0.084297 0.194671
0.083570 0.193278
0.084014 0.194495
0.085957 0.193968
0.100251 0.188903
0.100400 0.188915
0.100461 0.188873
0.100649 0.189168
0.100490 0.189007
0.100315 0.188886
0.100354 0.188964
0.098659 0.187800
0.096991 0.188600
0.098651 0.190368
0.100256 0.189120
0.100155 0.189183
0.100338 0.188913
0.100377 0.188790
0.100340 0.188985
0.100311 0.188883
194
200.000000 340.000000
270.000000 340.000000
340.000000 340.000000
410.000000 340.000000
480.000000 340.000000
550.000000 340.000000
620.000000 340.000000
690.000000 340.000000
760.000000 340.000000
830.000000 340.000000
900.000000 340.000000
970.000000 340.000000
1040.000000 340.000000
1040.000000 410.000000
970.000000 410.000000
900.000000 410.000000
830.000000 410.000000
760.000000 410.000000
690.000000 410.000000
620.000000 410.000000
550.000000 410.000000
480.000000 410.000000
410.000000 410.000000
340.000000 410.000000
270.000000 410.000000
200.000000 410.000000
149.000000 90.000000
199.000000 90.000000
199.000000 690.000000
149.000000 690.000000
1111.000000 90.000000
1161.000000 90.000000
1161.000000 690.000000
1111.000000 690.000000
480.000000 50.000000
476.955170 65.307335
468.284271 78.284271
455.307343 86.955177
440.000000 90.000000
424.692657 86.955177
411.715729 78.284271
403.044830 65.307343
400.000000 50.000008
403.044800 34.692673
411.715729 21.715736
424.692657 13.044820
440.000000 10.000000
455.307343 13.044823
468.284271 21.715738
476.955200 34.692680
535.000000 50.000000
531.955200 65.307335
523.284241 78.284271
510.307343 86.955177
495.000000 90.000000
479.692657 86.955177
466.715729 78.284271
458.044830 65.307343
455.000000 50.000008
458.044800 34.692673
466.715729 21.715736
479.692657 13.044820
495.000000 10.000000
510.307343 13.044823
523.284302 21.715738
531.955200 34.692680
590.000000 50.000000
586.955200 65.307335
578.284241 78.284271
565.307312 86.955177
550.000000 90.000000
534.692688 86.955177
521.715759 78.284271
513.044800 65.307343
510.000000 50.000008
513.044800 34.692673
521.715698 21.715736
534.692627 13.044820
550.000000 10.000000
565.307373 13.044823
578.284302 21.715738
586.955200 34.692680
645.000000 50.000000
641.955200 65.307335
633.284241 78.284271
620.307312 86.955177
605.000000 90.000000
589.692688 86.955177
576.715759 78.284271
568.044800 65.307343
565.000000 50.000008
568.044800 34.692673
576.715698 21.715736
589.692627 13.044820
605.000000 10.000000
620.307373 13.044823
633.284302 21.715738
641.955200 34.692680
700.000000 50.000000
696.955200 65.307335
688.284241 78.284271
675.307312 86.955177
660.000000 90.000000
644.692688 86.955177
631.715759 78.284271
623.044800 65.307343
620.000000 50.000008
623.044800 34.692673
631.715698 21.715736
644.692627 13.044820
660.000000 10.000000
675.307373 13.044823
688.284302 21.715738
696.955200 34.692680
755.000000 50.000000
751.955200 65.307335
743.284241 78.284271
730.307312 86.955177
715.000000 90.000000
699.692688 86.955177
686.715759 78.284271
678.044800 65.307343
675.000000 50.000008
678.044800 34.692673
686.715698 21.715736
699.692627 13.044820
715.000000 10.000000
730.307373 13.044823
743.284302 21.715738
751.955200 34.692680
810.000000 50.000000
806.955200 65.307335
798.284241 78.284271
785.307312 86.955177
770.000000 90.000000
754.692688 86.955177
741.715759 78.284271
733.044800 65.307343
730.000000 50.000008
733.044800 34.692673
741.715698 21.715736
754.692627 13.044820
770.000000 10.000000
785.307373 13.044823
798.284302 21.715738
806.955200 34.692680
865.000000 50.000000
861.955200 65.307335
853.284241 78.284271
840.307312 86.955177
825.000000 90.000000
809.692688 86.955177
796.715759 78.284271
788.044800 65.307343
785.000000 50.000008
788.044800 34.692673
796.715698 21.715736
809.692627 13.044820
825.000000 10.000000
840.307373 13.044823
853.284302 21.715738
861.955200 34.692680
920.000000 50.000000
916.955200 65.307335
908.284241 78.284271
895.307312 86.955177
880.000000 90.000000
864.692688 86.955177
851.715759 78.284271
843.044800 65.307343
840.000000 50.000008
843.044800 34.692673
851.715698 21.715736
864.692627 13.044820
880.000000 10.000000
895.307373 13.044823
908.284302 21.715738
916.955200 34.692680
975.000000 50.000000
971.955200 65.307335
963.284241 78.284271
950.307312 86.955177
935.000000 90.000000
919.692688 86.955177
906.715759 78.284271
898.044800 65.307343
895.000000 50.000008
898.044800 34.692673
906.715698 21.715736
919.692627 13.044820
935.000000 10.000000
950.307373 13.044823
963.284302 21.715738
971.955200 34.692680
shapes=13
start=0 end=26 volume=0.000000 isStatic=0 selfIntersecting=0 parentId=-1 disableShapeMatching=1 indices=65535,65535,65535,65535 interiorEdges=0,0,0,0
start=26 end=30 volume=0.000000 isStatic=1 selfIntersecting=0 parentId=-1 disableShapeMatching=0 indices=65535,65535,65535,65535 interiorEdges=0,0,0,0
start=30 end=34 volume=0.000000 isStatic=1 selfIntersecting=0 parentId=-1 disableShapeMatching=0 indices=65535,65535,65535,65535 interiorEdges=0,0,0,0
start=34 end=50 volume=300.000000 isStatic=0 selfIntersecting=0 parentId=-1 disableShapeMatching=0 indices=65535,65535,65535,65535 interiorEdges=0,0,0,0
start=50 end=66 volume=300.000000 isStatic=0 selfIntersecting=0 parentId=-1 disableShapeMatching=0 indices=65535,65535,65535,65535 interiorEdges=0,0,0,0
start=66 end=82 volume=300.000000 isStatic=0 selfIntersecting=0 parentId=-1 disableShapeMatching=0 indices=65535,65535,65535,65535 interiorEdges=0,0,0,0
start=82 end=98 volume=300.000000 isStatic=0 selfIntersecting=0 parentId=-1 disableShapeMatching=0 indices=65535,65535,65535,65535 interiorEdges=0,0,0,0
start=98 end=114 volume=300.000000 isStatic=0 selfIntersecting=0 parentId=-1 disableShapeMatching=0 indices=65535,65535,65535,65535 interiorEdges=0,0,0,0
start=114 end=130 volume=300.000000 isStatic=0 selfIntersecting=0 parentId=-1 disableShapeMatching=0 indices=65535,65535,65535,65535 interiorEdges=0,0,0,0
start=130 end=146 volume=300.000000 isStatic=0 selfIntersecting=0 parentId=-1 disableShapeMatching=0 indices=65535,65535,65535,65535 interiorEdges=0,0,0,0
start=146 end=162 volume=300.000000 isStatic=0 selfIntersecting=0 parentId=-1 disableShapeMatching=0 indices=65535,65535,65535,65535 interiorEdges=0,0,0,0
start=162 end=178 volume=300.000000 isStatic=0 selfIntersecting=0 parentId=-1 disableShapeMatching=0 indices=65535,65535,65535,65535 interiorEdges=0,0,0,0
start=178 end=194 volume=300.000000 isStatic=0 selfIntersecting=0 parentId=-1 disableShapeMatching=0 indices=65535,65535,65535,65535 interiorEdges=0,0,0,0
springs=381
0 25 70.000000 4.500000 180.899994 0
1 24 70.000000 4.500000 180.899994 0
0 1 70.000000 4.500000 180.899994 0
25 24 70.000000 4.500000 180.899994 0
1 25 98.994949 4.500000 180.899994 0
24 0 98.994949 4.500000 180.899994 0
2 23 70.000000 4.500000 180.899994 0
1 2 70.000000 4.500000 180.899994 0
24 23 70.000000 4.500000 180.899994 0
2 24 98.994949 4.500000 180.899994 0
23 1 98.994949 4.500000 180.899994 0
3 22 70.000000 4.500000 180.899994 0
2 3 70.000000 4.500000 180.899994 0
23 22 70.000000 4.500000 180.899994 0
3 23 98.994949 4.500000 180.899994 0
22 2 98.994949 4.500000 180.899994 0
4 21 70.000000 4.500000 180.899994 0
3 4 70.000000 4.500000 180.899994 0
22 21 70.000000 4.500000 180.899994 0
4 22 98.994949 4.500000 180.899994 0
21 3 98.994949 4.500000 180.899994 0
5 20 70.000000 4.500000 180.899994 0
4 5 70.000000 4.500000 180.899994 0
21 20 70.000000 4.500000 180.899994 0
5 21 98.994949 4.500000 180.899994 0
20 4 98.994949 4.500000 180.899994 0
6 19 70.000000 4.500000 180.899994 0
5 6 70.000000 4.500000 180.899994 0
20 19 70.000000 4.500000 180.899994 0
6 20 98.994949 4.500000 180.899994 0
19 5 98.994949 4.500000 180.899994 0
7 18 70.000000 4.500000 180.899994 0
6 7 70.000000 4.500000 180.899994 0
19 18 70.000000 4.500000 180.899994 0
7 19 98.994949 4.500000 180.899994 0
18 6 98.994949 4.500000 180.899994 0
8 17 70.000000 4.500000 180.899994 0
7 8 70.000000 4.500000 180.899994 0
18 17 70.000000 4.500000 180.899994 0
8 18 98.994949 4.500000 180.899994 0
17 7 98.994949 4.500000 180.899994 0
9 16 70.000000 4.500000 180.899994 0
8 9 70.000000 4.500000 180.899994 0
17 16 70.000000 4.500000 180.899994 0
9 17 98.994949 4.500000 180.899994 0
16 8 98.994949 4.500000 180.899994 0
10 15 70.000000 4.500000 180.899994 0
9 10 70.000000 4.500000 180.899994 0
16 15 70.000000 4.500000 180.899994 0
10 16 98.994949 4.500000 180.899994 0
15 9 98.994949 4.500000 180.899994 0
11 14 70.000000 4.500000 180.899994 0
10 11 70.000000 4.500000 180.899994 0
15 14 70.000000 4.500000 180.899994 0
11 15 98.994949 4.500000 180.899994 0
14 10 98.994949 4.500000 180.899994 0
12 13 70.000000 4.500000 180.899994 0
11 12 70.000000 4.500000 180.899994 0
14 13 70.000000 4.500000 180.899994 0
12 14 98.994949 4.500000 180.899994 0
13 11 98.994949 4.500000 180.899994 0
34 37 44.445614 2.500000 1090.000000 3
39 34 66.517570 2.500000 1090.000000 3
35 38 44.445614 2.500000 1090.000000 3
40 35 66.517570 2.500000 1090.000000 3
36 39 44.445614 2.500000 1090.000000 3
41 36 66.517570 2.500000 1090.000000 3
37 40 44.445614 2.500000 1090.000000 3
42 37 66.517570 2.500000 1090.000000 3
38 41 44.445614 2.500000 1090.000000 3
43 38 66.517570 2.500000 1090.000000 3
39 42 44.445614 2.500000 1090.000000 3
44 39 66.517570 2.500000 1090.000000 3
40 43 44.445614 2.500000 1090.000000 3
45 40 66.517570 2.500000 1090.000000 3
41 44 44.445614 2.500000 1090.000000 3
46 41 66.517570 2.500000 1090.000000 3
42 45 44.445614 2.500000 1090.000000 3
47 42 66.517570 2.500000 1090.000000 3
43 46 44.445614 2.500000 1090.000000 3
48 43 66.517570 2.500000 1090.000000 3
44 47 44.445614 2.500000 1090.000000 3
49 44 66.517570 2.500000 1090.000000 3
45 48 44.445614 2.500000 1090.000000 3
34 45 66.517570 2.500000 1090.000000 3
46 49 44.445614 2.500000 1090.000000 3
35 46 66.517570 2.500000 1090.000000 3
47 34 44.445614 2.500000 1090.000000 3
36 47 66.517570 2.500000 1090.000000 3
48 35 44.445614 2.500000 1090.000000 3
37 48 66.517570 2.500000 1090.000000 3
49 36 44.445614 2.500000 1090.000000 3
38 49 66.517570 2.500000 1090.000000 3
50 53 44.445614 2.500000 1090.000000 4
55 50 66.517570 2.500000 1090.000000 4
51 54 44.445614 2.500000 1090.000000 4
56 51 66.517570 2.500000 1090.000000 4
52 55 44.445614 2.500000 1090.000000 4
57 52 66.517570 2.500000 1090.000000 4
53 56 44.445614 2.500000 1090.000000 4
58 53 66.517570 2.500000 1090.000000 4
54 57 44.445614 2.500000 1090.000000 4
59 54 66.517570 2.500000 1090.000000 4
55 58 44.445614 2.500000 1090.000000 4
60 55 66.517570 2.500000 1090.000000 4
56 59 44.445614 2.500000 1090.000000 4
61 56 66.517570 2.500000 1090.000000 4
57 60 44.445614 2.500000 1090.000000 4
62 57 66.517570 2.500000 1090.000000 4
58 61 44.445614 2.500000 1090.000000 4
63 58 66.517570 2.500000 1090.000000 4
59 62 44.445614 2.500000 1090.000000 4
64 59 66.517570 2.500000 1090.000000 4
60 63 44.445614 2.500000 1090.000000 4
65 60 66.517570 2.500000 1090.000000 4
61 64 44.445614 2.500000 1090.000000 4
50 61 66.517570 2.500000 1090.000000 4
62 65 44.445614 2.500000 1090.000000 4
51 62 66.517570 2.500000 1090.000000 4
63 50 44.445614 2.500000 1090.000000 4
52 63 66.517570 2.500000 1090.000000 4
64 51 44.445614 2.500000 1090.000000 4
53 64 66.517570 2.500000 1090.000000 4
65 52 44.445614 2.500000 1090.000000 4
54 65 66.517570 2.500000 1090.000000 4
66 69 44.445629 2.500000 1090.000000 5
71 66 66.517548 2.500000 1090.000000 5
67 70 44.445629 2.500000 1090.000000 5
72 67 66.517548 2.500000 1090.000000 5
68 71 44.445629 2.500000 1090.000000 5
73 68 66.517548 2.500000 1090.000000 5
69 72 44.445629 2.500000 1090.000000 5
74 69 66.517548 2.500000 1090.000000 5
70 73 44.445629 2.500000 1090.000000 5
75 70 66.517548 2.500000 1090.000000 5
71 74 44.445629 2.500000 1090.000000 5
76 71 66.517548 2.500000 1090.000000 5
72 75 44.445629 2.500000 1090.000000 5
77 72 66.517548 2.500000 1090.000000 5
73 76 44.445629 2.500000 1090.000000 5
78 73 66.517548 2.500000 1090.000000 5
74 77 44.445629 2.500000 1090.000000 5
79 74 66.517548 2.500000 1090.000000 5
75 78 44.445629 2.500000 1090.000000 5
80 75 66.517548 2.500000 1090.000000 5
76 79 44.445629 2.500000 1090.000000 5
81 76 66.517548 2.500000 1090.000000 5
77 80 44.445629 2.500000 1090.000000 5
66 77 66.517548 2.500000 1090.000000 5
78 81 44.445629 2.500000 1090.000000 5
67 78 66.517548 2.500000 1090.000000 5
79 66 44.445629 2.500000 1090.000000 5
68 79 66.517548 2.500000 1090.000000 5
80 67 44.445629 2.500000 1090.000000 5
69 80 66.517548 2.500000 1090.000000 5
81 68 44.445629 2.500000 1090.000000 5
70 81 66.517548 2.500000 1090.000000 5
82 85 44.445629 2.500000 1090.000000 6
87 82 66.517548 2.500000 1090.000000 6
83 86 44.445629 2.500000 1090.000000 6
88 83 66.517548 2.500000 1090.000000 6
84 87 44.445629 2.500000 1090.000000 6
89 84 66.517548 2.500000 1090.000000 6
85 88 44.445629 2.500000 1090.000000 6
90 85 66.517548 2.500000 1090.000000 6
86 89 44.445629 2.500000 1090.000000 6
91 86 66.517548 2.500000 1090.000000 6
87 90 44.445629 2.500000 1090.000000 6
92 87 66.517548 2.500000 1090.000000 6
88 91 44.445629 2.500000 1090.000000 6
93 88 66.517548 2.500000 1090.000000 6
89 92 44.445629 2.500000 1090.000000 6
94 89 66.517548 2.500000 1090.000000 6
90 93 44.445629 2.500000 1090.000000 6
95 90 66.517548 2.500000 1090.000000 6
91 94 44.445629 2.500000 1090.000000 6
96 91 66.517548 2.500000 1090.000000 6
92 95 44.445629 2.500000 1090.000000 6
97 92 66.517548 2.500000 1090.000000 6
93 96 44.445629 2.500000 1090.000000 6
82 93 66.517548 2.500000 1090.000000 6
94 97 44.445629 2.500000 1090.000000 6
83 94 66.517548 2.500000 1090.000000 6
95 82 44.445629 2.500000 1090.000000 6
84 95 66.517548 2.500000 1090.000000 6
96 83 44.445629 2.500000 1090.000000 6
85 96 66.517548 2.500000 1090.000000 6
97 84 44.445629 2.500000 1090.000000 6
86 97 66.517548 2.500000 1090.000000 6
98 101 44.445629 2.500000 1090.000000 7
103 98 66.517548 2.500000 1090.000000 7
99 102 44.445629 2.500000 1090.000000 7
104 99 66.517548 2.500000 1090.000000 7
100 103 44.445629 2.500000 1090.000000 7
105 100 66.517548 2.500000 1090.000000 7
101 104 44.445629 2.500000 1090.000000 7
106 101 66.517548 2.500000 1090.000000 7
102 105 44.445629 2.500000 1090.000000 7
107 102 66.517548 2.500000 1090.000000 7
103 106 44.445629 2.500000 1090.000000 7
108 103 66.517548 2.500000 1090.000000 7
104 107 44.445629 2.500000 1090.000000 7
109 104 66.517548 2.500000 1090.000000 7
105 108 44.445629 2.500000 1090.000000 7
110 105 66.517548 2.500000 1090.000000 7
106 109 44.445629 2.500000 1090.000000 7
111 106 66.517548 2.500000 1090.000000 7
107 110 44.445629 2.500000 1090.000000 7
112 107 66.517548 2.500000 1090.000000 7
108 111 44.445629 2.500000 1090.000000 7
113 108 66.517548 2.500000 1090.000000 7
109 112 44.445629 2.500000 1090.000000 7
98 109 66.517548 2.500000 1090.000000 7
110 113 44.445629 2.500000 1090.000000 7
99 110 66.517548 2.500000 1090.000000 7
111 98 44.445629 2.500000 1090.000000 7
100 111 66.517548 2.500000 1090.000000 7
112 99 44.445629 2.500000 1090.000000 7
101 112 66.517548 2.500000 1090.000000 7
113 100 44.445629 2.500000 1090.000000 7
102 113 66.517548 2.500000 1090.000000 7
114 117 44.445629 2.500000 1090.000000 8
119 114 66.517548 2.500000 1090.000000 8
115 118 44.445629 2.500000 1090.000000 8
120 115 66.517548 2.500000 1090.000000 8
116 119 44.445629 2.500000 1090.000000 8
121 116 66.517548 2.500000 1090.000000 8
117 120 44.445629 2.500000 1090.000000 8
122 117 66.517548 2.500000 1090.000000 8
118 121 44.445629 2.500000 1090.000000 8
123 118 66.517548 2.500000 1090.000000 8
119 122 44.445629 2.500000 1090.000000 8
124 119 66.517548 2.500000 1090.000000 8
120 123 44.445629 2.500000 1090.000000 8
125 120 66.517548 2.500000 1090.000000 8
121 124 44.445629 2.500000 1090.000000 8
126 121 66.517548 2.500000 1090.000000 8
122 125 44.445629 2.500000 1090.000000 8
127 122 66.517548 2.500000 1090.000000 8
123 126 44.445629 2.500000 1090.000000 8
128 123 66.517548 2.500000 1090.000000 8
124 127 44.445629 2.500000 1090.000000 8
129 124 66.517548 2.500000 1090.000000 8
125 128 44.445629 2.500000 1090.000000 8
114 125 66.517548 2.500000 1090.000000 8
126 129 44.445629 2.500000 1090.000000 8
115 126 66.517548 2.500000 1090.000000 8
127 114 44.445629 2.500000 1090.000000 8
116 127 66.517548 2.500000 1090.000000 8
128 115 44.445629 2.500000 1090.000000 8
117 128 66.517548 2.500000 1090.000000 8
129 116 44.445629 2.500000 1090.000000 8
118 129 66.517548 2.500000 1090.000000 8
130 133 44.445629 2.500000 1090.000000 9
135 130 66.517548 2.500000 1090.000000 9
131 134 44.445629 2.500000 1090.000000 9
136 131 66.517548 2.500000 1090.000000 9
132 135 44.445629 2.500000 1090.000000 9
137 132 66.517548 2.500000 1090.000000 9
133 136 44.445629 2.500000 1090.000000 9
138 133 66.517548 2.500000 1090.000000 9
134 137 44.445629 2.500000 1090.000000 9
139 134 66.517548 2.500000 1090.000000 9
135 138 44.445629 2.500000 1090.000000 9
140 135 66.517548 2.500000 1090.000000 9
136 139 44.445629 2.500000 1090.000000 9
141 136 66.517548 2.500000 1090.000000 9
137 140 44.445629 2.500000 1090.000000 9
142 137 66.517548 2.500000 1090.000000 9
138 141 44.445629 2.500000 1090.000000 9
143 138 66.517548 2.500000 1090.000000 9
139 142 44.445629 2.500000 1090.000000 9
144 139 66.517548 2.500000 1090.000000 9
140 143 44.445629 2.500000 1090.000000 9
145 140 66.517548 2.500000 1090.000000 9
141 144 44.445629 2.500000 1090.000000 9
130 141 66.517548 2.500000 1090.000000 9
142 145 44.445629 2.500000 1090.000000 9
131 142 66.517548 2.500000 1090.000000 9
143 130 44.445629 2.500000 1090.000000 9
132 143 66.517548 2.500000 1090.000000 9
144 131 44.445629 2.500000 1090.000000 9
133 144 66.517548 2.500000 1090.000000 9
145 132 44.445629 2.500000 1090.000000 9
134 145 66.517548 2.500000 1090.000000 9
146 149 44.445629 2.500000 1090.000000 10
151 146 66.517548 2.500000 1090.000000 10
147 150 44.445629 2.500000 1090.000000 10
152 147 66.517548 2.500000 1090.000000 10
148 151 44.445629 2.500000 1090.000000 10
153 148 66.517548 2.500000 1090.000000 10
149 152 44.445629 2.500000 1090.000000 10
154 149 66.517548 2.500000 1090.000000 10
150 153 44.445629 2.500000 1090.000000 10
155 150 66.517548 2.500000 1090.000000 10
151 154 44.445629 2.500000 1090.000000 10
156 151 66.517548 2.500000 1090.000000 10
152 155 44.445629 2.500000 1090.000000 10
157 152 66.517548 2.500000 1090.000000 10
153 156 44.445629 2.500000 1090.000000 10
158 153 66.517548 2.500000 1090.000000 10
154 157 44.445629 2.500000 1090.000000 10
159 154 66.517548 2.500000 1090.000000 10
155 158 44.445629 2.500000 1090.000000 10
160 155 66.517548 2.500000 1090.000000 10
156 159 44.445629 2.500000 1090.000000 10
161 156 66.517548 2.500000 1090.000000 10
157 160 44.445629 2.500000 1090.000000 10
146 157 66.517548 2.500000 1090.000000 10
158 161 44.445629 2.500000 1090.000000 10
147 158 66.517548 2.500000 1090.000000 10
159 146 44.445629 2.500000 1090.000000 10
148 159 66.517548 2.500000 1090.000000 10
160 147 44.445629 2.500000 1090.000000 10
149 160 66.517548 2.500000 1090.000000 10
161 148 44.445629 2.500000 1090.000000 10
150 161 66.517548 2.500000 1090.000000 10
162 165 44.445629 2.500000 1090.000000 11
167 162 66.517548 2.500000 1090.000000 11
163 166 44.445629 2.500000 1090.000000 11
168 163 66.517548 2.500000 1090.000000 11
164 167 44.445629 2.500000 1090.000000 11
169 164 66.517548 2.500000 1090.000000 11
165 168 44.445629 2.500000 1090.000000 11
170 165 66.517548 2.500000 1090.000000 11
166 169 44.445629 2.500000 1090.000000 11
171 166 66.517548 2.500000 1090.000000 11
167 170 44.445629 2.500000 1090.000000 11
172 167 66.517548 2.500000 1090.000000 11
168 171 44.445629 2.500000 1090.000000 11
173 168 66.517548 2.500000 1090.000000 11
169 172 44.445629 2.500000 1090.000000 11
174 169 66.517548 2.500000 1090.000000 11
170 173 44.445629 2.500000 1090.000000 11
175 170 66.517548 2.500000 1090.000000 11
171 174 44.445629 2.500000 1090.000000 11
176 171 66.517548 2.500000 1090.000000 11
172 175 44.445629 2.500000 1090.000000 11
177 172 66.517548 2.500000 1090.000000 11
173 176 44.445629 2.500000 1090.000000 11
162 173 66.517548 2.500000 1090.000000 11
174 177 44.445629 2.500000 1090.000000 11
163 174 66.517548 2.500000 1090.000000 11
175 162 44.445629 2.500000 1090.000000 11
164 175 66.517548 2.500000 1090.000000 11
176 163 44.445629 2.500000 1090.000000 11
165 176 66.517548 2.500000 1090.000000 11
177 164 44.445629 2.500000 1090.000000 11
166 177 66.517548 2.500000 1090.000000 11
178 181 44.445629 2.500000 1090.000000 12
183 178 66.517548 2.500000 1090.000000 12
179 182 44.445629 2.500000 1090.000000 12
184 179 66.517548 2.500000 1090.000000 12
180 183 44.445629 2.500000 1090.000000 12
185 180 66.517548 2.500000 1090.000000 12
181 184 44.445629 2.500000 1090.000000 12
186 181 66.517548 2.500000 1090.000000 12
182 185 44.445629 2.500000 1090.000000 12
187 182 66.517548 2.500000 1090.000000 12
183 186 44.445629 2.500000 1090.000000 12
188 183 66.517548 2.500000 1090.000000 12
184 187 44.445629 2.500000 1090.000000 12
189 184 66.517548 2.500000 1090.000000 12
185 188 44.445629 2.500000 1090.000000 12
190 185 66.517548 2.500000 1090.000000 12
186 189 44.445629 2.500000 1090.000000 12
191 186 66.517548 2.500000 1090.000000 12
187 190 44.445629 2.500000 1090.000000 12
192 187 66.517548 2.500000 1090.000000 12
188 191 44.445629 2.500000 1090.000000 12
193 188 66.517548 2.500000 1090.000000 12
189 192 44.445629 2.500000 1090.000000 12
178 189 66.517548 2.500000 1090.000000 12
190 193 44.445629 2.500000 1090.000000 12
179 190 66.517548 2.500000 1090.000000 12
191 178 44.445629 2.500000 1090.000000 12
180 191 66.517548 2.500000 1090.000000 12
192 179 44.445629 2.500000 1090.000000 12
181 192 66.517548 2.500000 1090.000000 12
193 180 44.445629 2.500000 1090.000000 12
182 193 66.517548 2.500000 1090.000000 12
staticjoints=4
0 200.000000 340.000000
12 1110.000000 340.000000
13 1110.000000 410.000000
25 200.000000 410.000000
