20
1.000000
1.000000
1.000000
1.000000
1.000000
1.000000
1.000000
1.000000
1.000000
1.000000
1.000000
1.000000
1.000000
1.000000
1.000000
1.000000
1.000000
1.000000
1.000000
1.000000
20
714.949585 541.674500
645.826782 532.338684
577.567017 522.026611
518.959229 513.109863
465.670776 530.174377
420.849976 567.235779
387.209229 617.896790
364.007111 677.241882
347.740845 741.861450
333.648682 809.540405
265.061188 794.262390
279.748840 725.478333
297.876953 654.724670
326.250885 584.344971
370.679108 519.606812
433.769257 469.220734
512.336975 445.084381
586.575867 452.921295
655.345825 462.906250
724.532410 472.331085
20
-0.188118 0.015470
-0.182742 0.004875
-0.608826 -0.056805
-0.128224 -0.388295
-0.204216 0.022529
-0.198852 0.020937
-0.209383 0.015980
-0.224794 0.011192
-0.240957 0.007022
-0.257070 0.003328
-0.253717 -0.013854
-0.235796 -0.008293
-0.218840 -0.003493
-0.202203 0.004218
-0.197353 0.013403
-0.190816 0.027266
0.243675 0.124520
-0.260130 0.463122
-0.182824 -0.000562
-0.189607 0.018426
20
485.000000 253.000000
555.000000 253.000000
625.000000 253.000000
695.000000 253.000000
765.000000 253.000000
835.000000 253.000000
905.000000 253.000000
975.000000 253.000000
1045.000000 253.000000
1115.000000 253.000000
1115.000000 323.000000
1045.000000 323.000000
975.000000 323.000000
905.000000 323.000000
835.000000 323.000000
765.000000 323.000000
695.000000 323.000000
625.000000 323.000000
555.000000 323.000000
485.000000 323.000000
shapes=9
start=0 end=20 volume=0.000000 isStatic=0 selfIntersecting=1 parentId=1 disableShapeMatching=0 indices=0,1,18,19 interiorEdges=0,1,0,0
start=0 end=20 volume=0.000000 isStatic=0 selfIntersecting=1 parentId=1 disableShapeMatching=0 indices=1,2,17,18 interiorEdges=0,1,0,1
start=0 end=20 volume=0.000000 isStatic=0 selfIntersecting=1 parentId=1 disableShapeMatching=0 indices=2,3,16,17 interiorEdges=0,1,0,1
start=0 end=20 volume=0.000000 isStatic=0 selfIntersecting=1 parentId=1 disableShapeMatching=0 indices=3,4,15,16 interiorEdges=0,1,0,1
start=0 end=20 volume=0.000000 isStatic=0 selfIntersecting=1 parentId=1 disableShapeMatching=0 indices=4,5,14,15 interiorEdges=0,1,0,1
start=0 end=20 volume=0.000000 isStatic=0 selfIntersecting=1 parentId=1 disableShapeMatching=0 indices=5,6,13,14 interiorEdges=0,1,0,1
start=0 end=20 volume=0.000000 isStatic=0 selfIntersecting=1 parentId=1 disableShapeMatching=0 indices=6,7,12,13 interiorEdges=0,1,0,1
start=0 end=20 volume=0.000000 isStatic=0 selfIntersecting=1 parentId=1 disableShapeMatching=0 indices=7,8,11,12 interiorEdges=0,1,0,1
start=0 end=20 volume=0.000000 isStatic=0 selfIntersecting=1 parentId=1 disableShapeMatching=0 indices=8,9,10,11 interiorEdges=0,0,0,1
springs=46
0 19 70.000000 4.500000 180.899994 0
1 18 70.000000 4.500000 180.899994 0
0 1 70.000000 4.500000 180.899994 0
19 18 70.000000 4.500000 180.899994 0
1 19 98.994949 4.500000 180.899994 0
18 0 98.994949 4.500000 180.899994 0
2 17 70.000000 4.500000 180.899994 1
1 2 70.000000 4.500000 180.899994 1
18 17 70.000000 4.500000 180.899994 1
2 18 98.994949 4.500000 180.899994 1
17 1 98.994949 4.500000 180.899994 1
3 16 70.000000 4.500000 180.899994 2
2 3 70.000000 4.500000 180.899994 2
17 16 70.000000 4.500000 180.899994 2
3 17 98.994949 4.500000 180.899994 2
16 2 98.994949 4.500000 180.899994 2
4 15 70.000000 4.500000 180.899994 3
3 4 70.000000 4.500000 180.899994 3
16 15 70.000000 4.500000 180.899994 3
4 16 98.994949 4.500000 180.899994 3
15 3 98.994949 4.500000 180.899994 3
5 14 70.000000 4.500000 180.899994 4
4 5 70.000000 4.500000 180.899994 4
15 14 70.000000 4.500000 180.899994 4
5 15 98.994949 4.500000 180.899994 4
14 4 98.994949 4.500000 180.899994 4
6 13 70.000000 4.500000 180.899994 5
5 6 70.000000 4.500000 180.899994 5
14 13 70.000000 4.500000 180.899994 5
6 14 98.994949 4.500000 180.899994 5
13 5 98.994949 4.500000 180.899994 5
7 12 70.000000 4.500000 180.899994 6
6 7 70.000000 4.500000 180.899994 6
13 12 70.000000 4.500000 180.899994 6
7 13 98.994949 4.500000 180.899994 6
12 6 98.994949 4.500000 180.899994 6
8 11 70.000000 4.500000 180.899994 7
7 8 70.000000 4.500000 180.899994 7
12 11 70.000000 4.500000 180.899994 7
8 12 98.994949 4.500000 180.899994 7
11 7 98.994949 4.500000 180.899994 7
9 10 70.000000 4.500000 180.899994 8
8 9 70.000000 4.500000 180.899994 8
11 10 70.000000 4.500000 180.899994 8
9 11 98.994949 4.500000 180.899994 8
10 8 98.994949 4.500000 180.899994 8
staticjoints=0
