58
4.000000
4.000000
4.000000
4.000000
4.000000
4.000000
4.000000
4.000000
4.000000
4.000000
4.000000
0.250000
0.250000
0.250000
0.250000
0.250000
0.250000
0.250000
0.250000
0.250000
0.250000
0.250000
0.250000
0.250000
0.250000
0.250000
0.250000
0.250000
0.250000
0.250000
0.250000
0.250000
0.250000
0.250000
0.250000
0.250000
0.250000
0.250000
0.250000
0.250000
0.250000
0.250000
0.250000
1.000000
1.000000
1.000000
1.000000
4.000000
4.000000
4.000000
4.000000
4.000000
1.000000
1.000000
1.000000
1.000000
1.000000
1.000000
58
-21.000000 481.000000
1230.000000 531.000000
1542.000000 -447.000000
1810.000000 -452.000000
2172.000000 125.000000
3149.000000 87.000000
3137.000000 457.000000
1773.000000 455.000000
1512.000000 868.000000
731.000000 758.000000
-10.000000 751.000000
445.000000 460.000000
443.096985 469.567078
437.677673 477.677673
429.567078 483.096985
420.000000 485.000000
410.432922 483.096985
402.322327 477.677673
396.903015 469.567078
395.000000 460.000000
396.903015 450.432922
402.322327 442.322327
410.432922 436.903015
420.000000 435.000000
429.567078 436.903015
437.677673 442.322327
443.096985 450.432922
525.000000 460.000000
523.096985 469.567078
517.677673 477.677673
509.567078 483.096985
500.000000 485.000000
490.432922 483.096985
482.322327 477.677673
476.903015 469.567078
475.000000 460.000000
476.903015 450.432922
482.322327 442.322327
490.432922 436.903015
500.000000 435.000000
509.567078 436.903015
517.677673 442.322327
523.096985 450.432922
400.000000 398.000000
520.000000 398.000000
520.000000 428.000000
400.000000 428.000000
418.600006 102.199997
468.600006 102.199997
468.600006 152.199997
353.600006 180.199997
290.600006 163.199997
699.000000 202.000000
749.000000 202.000000
749.000000 252.000000
699.000000 252.000000
799.000000 201.000000
799.000000 251.000000
58
0.000000 0.000000
0.000000 0.000000
0.000000 0.000000
0.000000 0.000000
0.000000 0.000000
0.000000 0.000000
0.000000 0.000000
0.000000 0.000000
0.000000 0.000000
0.000000 0.000000
0.000000 0.000000
0.000000 0.000000
0.000000 0.000000
0.000000 0.000000
0.000000 0.000000
0.000000 0.000000
0.000000 0.000000
0.000000 0.000000
0.000000 0.000000
0.000000 0.000000
0.000000 0.000000
0.000000 0.000000
0.000000 0.000000
0.000000 0.000000
0.000000 0.000000
0.000000 0.000000
0.000000 0.000000
0.000000 0.000000
0.000000 0.000000
0.000000 0.000000
0.000000 0.000000
0.000000 0.000000
0.000000 0.000000
0.000000 0.000000
0.000000 0.000000
0.000000 0.000000
0.000000 0.000000
0.000000 0.000000
0.000000 0.000000
0.000000 0.000000
0.000000 0.000000
0.000000 0.000000
0.000000 0.000000
0.000000 0.000000
0.000000 0.000000
0.000000 0.000000
0.000000 0.000000
0.000000 0.000000
0.000000 0.000000
0.000000 0.000000
0.000000 0.000000
0.000000 0.000000
0.000000 0.000000
0.000000 0.000000
0.000000 0.000000
0.000000 0.000000
0.000000 0.000000
0.000000 0.000000
58
959.000000 364.000000
1570.000000 295.000000
1411.000000 255.000000
1592.000000 80.000000
1878.000000 -204.000000
1009.000000 364.000000
2659.000000 381.000000
1380.000000 473.000000
1383.000000 640.000000
1009.000000 414.000000
959.000000 414.000000
445.000000 460.000000
443.096985 469.567078
437.677673 477.677673
429.567078 483.096985
420.000000 485.000000
410.432922 483.096985
402.322327 477.677673
396.903015 469.567078
395.000000 460.000000
396.903015 450.432922
402.322327 442.322327
410.432922 436.903015
420.000000 435.000000
429.567078 436.903015
437.677673 442.322327
443.096985 450.432922
525.000000 460.000000
523.096985 469.567078
517.677673 477.677673
509.567078 483.096985
500.000000 485.000000
490.432922 483.096985
482.322327 477.677673
476.903015 469.567078
475.000000 460.000000
476.903015 450.432922
482.322327 442.322327
490.432922 436.903015
500.000000 435.000000
509.567078 436.903015
517.677673 442.322327
523.096985 450.432922
400.000000 398.000000
520.000000 398.000000
520.000000 428.000000
400.000000 428.000000
18.600006 -37.800003
68.600006 -37.800003
68.600006 12.199997
-46.399994 40.199997
-109.399994 23.199997
699.000000 202.000000
749.000000 202.000000
749.000000 252.000000
699.000000 252.000000
50.000000 0.000000
50.000000 50.000000
shapes=7
start=0 end=11 texture=0 resourceId=0 stiffness=1.000000 damping=1.000000 volume=0.000000 isStatic=1 selfIntersecting=0 parentId=-1 indices=65535,65535,65535,65535 interiorEdges=0,0,0,0
start=11 end=27 texture=0 resourceId=0 stiffness=1.000000 damping=1.000000 volume=300.000000 isStatic=0 selfIntersecting=0 parentId=-1 indices=65535,65535,65535,65535 interiorEdges=0,0,0,0
start=27 end=43 texture=0 resourceId=0 stiffness=1.000000 damping=1.000000 volume=300.000000 isStatic=0 selfIntersecting=0 parentId=-1 indices=65535,65535,65535,65535 interiorEdges=0,0,0,0
start=43 end=47 texture=0 resourceId=0 stiffness=1.000000 damping=1.000000 volume=0.000000 isStatic=0 selfIntersecting=0 parentId=-1 indices=65535,65535,65535,65535 interiorEdges=0,0,0,0
start=47 end=52 texture=0 resourceId=0 stiffness=1.000000 damping=1.000000 volume=0.000000 isStatic=0 selfIntersecting=0 parentId=-1 indices=65535,65535,65535,65535 interiorEdges=0,0,0,0
start=52 end=58 texture=0 resourceId=0 stiffness=1.000000 damping=1.000000 volume=0.000000 isStatic=0 selfIntersecting=0 parentId=0 indices=0,1,2,3 interiorEdges=0,0,0,0
start=52 end=58 texture=0 resourceId=0 stiffness=1.000000 damping=1.000000 volume=0.000000 isStatic=0 selfIntersecting=0 parentId=0 indices=1,4,5,2 interiorEdges=0,0,0,0
staticjoints=0
