6
1.000000
1.000000
1.000000
1.000000
1.000000
1.000000
6
975.943481 441.415131
1045.836060 445.281128
1115.729614 449.146515
1111.864624 519.039673
1041.971802 515.174316
972.077209 511.308380
6
0.0 0.0
0.0 0.0
0.0 0.0
0.0 0.0
0.0 0.0
0.0 0.0
6
1041.000000 397.000000
1111.000000 397.000000
1181.000000 397.000000
1181.000000 467.000000
1111.000000 467.000000
1041.000000 467.000000
shapes=2
start=0 end=6 volume=0.000000 isStatic=0 selfIntersecting=1 parentId=0 indices=0,1,4,5 interiorEdges=0,1,0,0
start=0 end=6 volume=0.000000 isStatic=0 selfIntersecting=1 parentId=0 indices=1,2,3,4 interiorEdges=0,0,0,1
staticjoints=0
