108
4.000000
4.000000
4.000000
4.000000
4.000000
4.000000
4.000000
4.000000
4.000000
4.000000
4.000000
4.000000
4.000000
4.000000
4.000000
4.000000
4.000000
4.000000
4.000000
4.000000
4.000000
4.000000
4.000000
4.000000
4.000000
4.000000
4.000000
4.000000
4.000000
4.000000
4.000000
4.000000
1.000000
1.000000
1.000000
1.000000
1.000000
1.000000
1.000000
1.000000
1.000000
1.000000
1.000000
1.000000
1.000000
1.000000
1.000000
1.000000
1.000000
1.000000
1.000000
1.000000
1.000000
1.000000
1.000000
1.000000
1.000000
1.000000
1.000000
1.000000
1.000000
1.000000
1.000000
1.000000
1.000000
1.000000
1.000000
1.000000
1.000000
1.000000
1.000000
1.000000
1.000000
1.000000
1.000000
1.000000
1.000000
1.000000
1.000000
1.000000
1.000000
1.000000
1.000000
1.000000
1.000000
1.000000
1.000000
1.000000
1.000000
1.000000
1.000000
1.000000
2.000000
2.000000
2.000000
2.000000
2.000000
2.000000
2.000000
2.000000
2.000000
2.000000
2.000000
2.000000
2.000000
2.000000
2.000000
2.000000
108
428.000000 77.000000
531.000000 -216.000000
589.000000 -516.000000
633.000000 -1031.000000
1752.000000 -1049.000000
1381.000000 -921.000000
731.000000 -915.000000
668.000000 -579.000000
941.000000 -224.000000
731.000000 85.000000
909.000000 428.000000
1441.000000 433.000000
1570.000000 -154.000000
1730.000000 -176.000000
1715.000000 579.000000
525.000000 628.000000
1164.000000 118.000000
1160.193970 137.134171
1149.355347 153.355347
1133.134155 164.193970
1114.000000 168.000000
1094.865845 164.193970
1078.644653 153.355347
1067.806030 137.134171
1064.000000 118.000000
1067.806030 98.865837
1078.644653 82.644669
1094.865845 71.806023
1114.000000 68.000000
1133.134155 71.806030
1149.355347 82.644669
1160.193970 98.865852
835.647156 151.833893
900.163940 180.051941
963.630493 209.441223
1026.059448 236.966675
1089.217773 259.817627
1153.706177 276.790131
1219.618652 287.528778
1286.942261 293.348999
1355.847656 295.079895
1425.746094 294.669861
1425.149902 363.983490
1354.565918 362.920105
1282.985229 361.829407
1210.860352 357.066223
1139.082275 345.220978
1068.632935 326.720337
1000.536743 302.182068
935.163879 273.568390
872.108582 243.067551
807.792175 216.234253
1328.237793 294.361694
1257.245361 289.100586
1185.442627 277.115204
1114.044312 256.564087
1045.797485 224.267349
984.607056 178.976837
934.019043 122.532158
894.813660 59.329082
864.210205 -6.002147
836.526794 -70.210114
900.736511 -98.744835
927.873901 -35.193954
956.121277 25.337191
989.698975 80.346565
1031.522583 127.405281
1081.919800 164.577560
1139.347168 191.384201
1201.766846 209.025055
1267.634888 219.605118
1336.342407 227.085083
873.792297 243.968414
934.947876 276.407593
992.430908 308.392700
1051.355225 333.505615
1112.478638 350.255310
1175.794678 358.543304
1241.344604 361.208527
1308.650391 362.310822
1376.848389 363.355804
1446.795044 364.361206
1440.878784 432.969421
1375.089600 432.270355
1307.385864 431.622711
1238.833130 430.994110
1168.927368 429.204712
1098.071411 419.475464
1028.446899 400.378845
962.416931 372.402588
900.825745 339.076660
843.819397 302.074341
1080.905762 59.915741
1064.132202 69.914360
1045.152954 73.401192
1025.908203 68.429436
1010.012207 57.031891
1000.035889 40.526012
996.894897 21.344313
1001.588745 2.443065
1012.870117 -13.510598
1029.674561 -23.476242
1048.643433 -26.973938
1067.771362 -22.127546
1083.632202 -10.767392
1093.638550 5.770816
1096.843750 25.020554
1092.144897 43.916618
108
0.000000 0.000000
0.000000 0.000000
0.000000 0.000000
0.000000 0.000000
0.000000 0.000000
0.000000 0.000000
0.000000 0.000000
0.000000 0.000000
0.000000 0.000000
0.000000 0.000000
0.000000 0.000000
0.000000 0.000000
0.000000 0.000000
0.000000 0.000000
0.000000 0.000000
0.000000 0.000000
0.000000 0.000000
0.000000 0.000000
0.000000 0.000000
0.000000 0.000000
0.000000 0.000000
0.000000 0.000000
0.000000 0.000000
0.000000 0.000000
0.000000 0.000000
0.000000 0.000000
0.000000 0.000000
0.000000 0.000000
0.000000 0.000000
0.000000 0.000000
0.000000 0.000000
0.000000 0.000000
-0.017746 0.038049
-0.009783 0.021871
-0.002788 0.008592
0.003097 -0.002926
0.007709 -0.009881
0.009870 -0.010490
0.009950 -0.006947
0.008770 -0.004778
0.007409 -0.000203
0.007202 0.001337
0.006039 0.007625
0.005249 0.009079
0.004887 0.011401
0.006513 -0.007153
0.009192 -0.010130
0.012216 -0.007878
0.012755 0.001349
0.009645 0.014647
0.005907 0.026164
-0.001295 0.045401
0.055225 0.024293
0.054542 0.013643
0.052349 0.025838
0.049207 0.038961
0.043484 0.054756
0.032140 0.074133
0.011762 0.096078
-0.019482 0.117851
-0.059846 0.135999
-0.107104 0.148688
-0.117822 0.114992
-0.078156 0.098457
-0.038580 0.084303
-0.007331 0.070862
0.014202 0.057592
0.027665 0.045002
0.035509 0.033611
0.039879 0.022949
0.042167 0.011930
0.043655 -0.000137
0.005625 0.008565
0.006398 0.011836
0.008077 0.007071
0.008305 0.003898
0.007439 0.001540
0.006250 -0.000346
0.005341 -0.002145
0.004239 0.000705
0.002978 -0.004775
0.002090 0.001763
0.013787 0.024754
0.001456 -0.008706
0.003768 -0.008011
0.005487 0.010048
0.007486 0.000628
0.009424 0.002803
0.011107 0.005815
0.012622 0.010264
0.013396 0.018118
-0.001055 0.033231
-1.582451 1.565928
-1.582295 1.565586
-1.583613 1.565062
-1.582022 1.565661
-1.582214 1.566440
-1.582574 1.565339
-1.583334 1.565683
-1.583029 1.565251
-1.583148 1.565240
-1.583426 1.565449
-1.582088 1.566001
-1.583279 1.565824
-1.582971 1.565173
-1.582737 1.566138
-1.582177 1.565578
-1.582448 1.566051
108
570.000000 233.000000
487.000000 162.000000
656.000000 -157.000000
641.000000 -536.000000
683.000000 -992.000000
1200.000000 -976.000000
641.000000 -683.000000
787.000000 -316.000000
546.000000 -35.000000
620.000000 233.000000
710.000000 493.000000
1427.000000 512.000000
1373.000000 599.000000
1545.000000 183.000000
620.000000 283.000000
570.000000 283.000000
1259.000000 47.000000
1255.193970 66.134171
1244.355347 82.355339
1228.134155 93.193977
1209.000000 97.000000
1189.865845 93.193977
1173.644653 82.355339
1162.806030 66.134171
1159.000000 47.000008
1162.806030 27.865839
1173.644653 11.644670
1189.865845 0.806025
1209.000000 -3.000000
1228.134155 0.806028
1244.355347 11.644673
1255.193970 27.865850
1287.000000 -309.000000
1357.000000 -309.000000
1427.000000 -309.000000
1497.000000 -309.000000
1567.000000 -309.000000
1637.000000 -309.000000
1707.000000 -309.000000
1777.000000 -309.000000
1847.000000 -309.000000
1917.000000 -309.000000
1917.000000 -239.000000
1847.000000 -239.000000
1777.000000 -239.000000
1707.000000 -239.000000
1637.000000 -239.000000
1567.000000 -239.000000
1497.000000 -239.000000
1427.000000 -239.000000
1357.000000 -239.000000
1287.000000 -239.000000
1245.000000 -374.000000
1315.000000 -374.000000
1385.000000 -374.000000
1455.000000 -374.000000
1525.000000 -374.000000
1595.000000 -374.000000
1665.000000 -374.000000
1735.000000 -374.000000
1805.000000 -374.000000
1875.000000 -374.000000
1875.000000 -304.000000
1805.000000 -304.000000
1735.000000 -304.000000
1665.000000 -304.000000
1595.000000 -304.000000
1525.000000 -304.000000
1455.000000 -304.000000
1385.000000 -304.000000
1315.000000 -304.000000
1245.000000 -304.000000
1331.000000 -278.000000
1401.000000 -278.000000
1471.000000 -278.000000
1541.000000 -278.000000
1611.000000 -278.000000
1681.000000 -278.000000
1751.000000 -278.000000
1821.000000 -278.000000
1891.000000 -278.000000
1961.000000 -278.000000
1961.000000 -208.000000
1891.000000 -208.000000
1821.000000 -208.000000
1751.000000 -208.000000
1681.000000 -208.000000
1611.000000 -208.000000
1541.000000 -208.000000
1471.000000 -208.000000
1401.000000 -208.000000
1331.000000 -208.000000
1351.000000 -255.000000
1347.193970 -235.865829
1336.355347 -219.644669
1320.134155 -208.806030
1301.000000 -205.000000
1281.865845 -208.806030
1265.644653 -219.644669
1254.806030 -235.865829
1251.000000 -255.000000
1254.806030 -274.134155
1265.644653 -290.355316
1281.865845 -301.193970
1301.000000 -305.000000
1320.134155 -301.193970
1336.355347 -290.355316
1347.193970 -274.134155
shapes=30
start=0 end=16 volume=0.000000 isStatic=1 parentId=-1 disableShapeMatching=0 indices=65535,65535,65535,65535
start=16 end=32 volume=300.000000 isStatic=1 parentId=-1 disableShapeMatching=0 indices=65535,65535,65535,65535
start=32 end=52 volume=0.000000 isStatic=0 parentId=0 disableShapeMatching=0 indices=0,1,18,19
start=32 end=52 volume=0.000000 isStatic=0 parentId=0 disableShapeMatching=0 indices=1,2,17,18
start=32 end=52 volume=0.000000 isStatic=0 parentId=0 disableShapeMatching=0 indices=2,3,16,17
start=32 end=52 volume=0.000000 isStatic=0 parentId=0 disableShapeMatching=0 indices=3,4,15,16
start=32 end=52 volume=0.000000 isStatic=0 parentId=0 disableShapeMatching=0 indices=4,5,14,15
start=32 end=52 volume=0.000000 isStatic=0 parentId=0 disableShapeMatching=0 indices=5,6,13,14
start=32 end=52 volume=0.000000 isStatic=0 parentId=0 disableShapeMatching=0 indices=6,7,12,13
start=32 end=52 volume=0.000000 isStatic=0 parentId=0 disableShapeMatching=0 indices=7,8,11,12
start=32 end=52 volume=0.000000 isStatic=0 parentId=0 disableShapeMatching=0 indices=8,9,10,11
start=52 end=72 volume=0.000000 isStatic=0 parentId=1 disableShapeMatching=0 indices=0,1,18,19
start=52 end=72 volume=0.000000 isStatic=0 parentId=1 disableShapeMatching=0 indices=1,2,17,18
start=52 end=72 volume=0.000000 isStatic=0 parentId=1 disableShapeMatching=0 indices=2,3,16,17
start=52 end=72 volume=0.000000 isStatic=0 parentId=1 disableShapeMatching=0 indices=3,4,15,16
start=52 end=72 volume=0.000000 isStatic=0 parentId=1 disableShapeMatching=0 indices=4,5,14,15
start=52 end=72 volume=0.000000 isStatic=0 parentId=1 disableShapeMatching=0 indices=5,6,13,14
start=52 end=72 volume=0.000000 isStatic=0 parentId=1 disableShapeMatching=0 indices=6,7,12,13
start=52 end=72 volume=0.000000 isStatic=0 parentId=1 disableShapeMatching=0 indices=7,8,11,12
start=52 end=72 volume=0.000000 isStatic=0 parentId=1 disableShapeMatching=0 indices=8,9,10,11
start=72 end=92 volume=0.000000 isStatic=0 parentId=2 disableShapeMatching=0 indices=0,1,18,19
start=72 end=92 volume=0.000000 isStatic=0 parentId=2 disableShapeMatching=0 indices=1,2,17,18
start=72 end=92 volume=0.000000 isStatic=0 parentId=2 disableShapeMatching=0 indices=2,3,16,17
start=72 end=92 volume=0.000000 isStatic=0 parentId=2 disableShapeMatching=0 indices=3,4,15,16
start=72 end=92 volume=0.000000 isStatic=0 parentId=2 disableShapeMatching=0 indices=4,5,14,15
start=72 end=92 volume=0.000000 isStatic=0 parentId=2 disableShapeMatching=0 indices=5,6,13,14
start=72 end=92 volume=0.000000 isStatic=0 parentId=2 disableShapeMatching=0 indices=6,7,12,13
start=72 end=92 volume=0.000000 isStatic=0 parentId=2 disableShapeMatching=0 indices=7,8,11,12
start=72 end=92 volume=0.000000 isStatic=0 parentId=2 disableShapeMatching=0 indices=8,9,10,11
start=92 end=108 volume=300.000000 isStatic=0 parentId=-1 disableShapeMatching=0 indices=65535,65535,65535,65535
springs=170
32 51 70.000000 4.500000 180.899994 2
33 50 70.000000 4.500000 180.899994 2
32 33 70.000000 4.500000 180.899994 2
51 50 70.000000 4.500000 180.899994 2
33 51 98.994949 4.500000 180.899994 2
50 32 98.994949 4.500000 180.899994 2
34 49 70.000000 4.500000 180.899994 3
33 34 70.000000 4.500000 180.899994 3
50 49 70.000000 4.500000 180.899994 3
34 50 98.994949 4.500000 180.899994 3
49 33 98.994949 4.500000 180.899994 3
35 48 70.000000 4.500000 180.899994 4
34 35 70.000000 4.500000 180.899994 4
49 48 70.000000 4.500000 180.899994 4
35 49 98.994949 4.500000 180.899994 4
48 34 98.994949 4.500000 180.899994 4
36 47 70.000000 4.500000 180.899994 5
35 36 70.000000 4.500000 180.899994 5
48 47 70.000000 4.500000 180.899994 5
36 48 98.994949 4.500000 180.899994 5
47 35 98.994949 4.500000 180.899994 5
37 46 70.000000 4.500000 180.899994 6
36 37 70.000000 4.500000 180.899994 6
47 46 70.000000 4.500000 180.899994 6
37 47 98.994949 4.500000 180.899994 6
46 36 98.994949 4.500000 180.899994 6
38 45 70.000000 4.500000 180.899994 7
37 38 70.000000 4.500000 180.899994 7
46 45 70.000000 4.500000 180.899994 7
38 46 98.994949 4.500000 180.899994 7
45 37 98.994949 4.500000 180.899994 7
39 44 70.000000 4.500000 180.899994 8
38 39 70.000000 4.500000 180.899994 8
45 44 70.000000 4.500000 180.899994 8
39 45 98.994949 4.500000 180.899994 8
44 38 98.994949 4.500000 180.899994 8
40 43 70.000000 4.500000 180.899994 9
39 40 70.000000 4.500000 180.899994 9
44 43 70.000000 4.500000 180.899994 9
40 44 98.994949 4.500000 180.899994 9
43 39 98.994949 4.500000 180.899994 9
41 42 70.000000 4.500000 180.899994 10
40 41 70.000000 4.500000 180.899994 10
43 42 70.000000 4.500000 180.899994 10
41 43 98.994949 4.500000 180.899994 10
42 40 98.994949 4.500000 180.899994 10
52 71 70.000000 4.500000 180.899994 11
53 70 70.000000 4.500000 180.899994 11
52 53 70.000000 4.500000 180.899994 11
71 70 70.000000 4.500000 180.899994 11
53 71 98.994949 4.500000 180.899994 11
70 52 98.994949 4.500000 180.899994 11
54 69 70.000000 4.500000 180.899994 12
53 54 70.000000 4.500000 180.899994 12
70 69 70.000000 4.500000 180.899994 12
54 70 98.994949 4.500000 180.899994 12
69 53 98.994949 4.500000 180.899994 12
55 68 70.000000 4.500000 180.899994 13
54 55 70.000000 4.500000 180.899994 13
69 68 70.000000 4.500000 180.899994 13
55 69 98.994949 4.500000 180.899994 13
68 54 98.994949 4.500000 180.899994 13
56 67 70.000000 4.500000 180.899994 14
55 56 70.000000 4.500000 180.899994 14
68 67 70.000000 4.500000 180.899994 14
56 68 98.994949 4.500000 180.899994 14
67 55 98.994949 4.500000 180.899994 14
57 66 70.000000 4.500000 180.899994 15
56 57 70.000000 4.500000 180.899994 15
67 66 70.000000 4.500000 180.899994 15
57 67 98.994949 4.500000 180.899994 15
66 56 98.994949 4.500000 180.899994 15
58 65 70.000000 4.500000 180.899994 16
57 58 70.000000 4.500000 180.899994 16
66 65 70.000000 4.500000 180.899994 16
58 66 98.994949 4.500000 180.899994 16
65 57 98.994949 4.500000 180.899994 16
59 64 70.000000 4.500000 180.899994 17
58 59 70.000000 4.500000 180.899994 17
65 64 70.000000 4.500000 180.899994 17
59 65 98.994949 4.500000 180.899994 17
64 58 98.994949 4.500000 180.899994 17
60 63 70.000000 4.500000 180.899994 18
59 60 70.000000 4.500000 180.899994 18
64 63 70.000000 4.500000 180.899994 18
60 64 98.994949 4.500000 180.899994 18
63 59 98.994949 4.500000 180.899994 18
61 62 70.000000 4.500000 180.899994 19
60 61 70.000000 4.500000 180.899994 19
63 62 70.000000 4.500000 180.899994 19
61 63 98.994949 4.500000 180.899994 19
62 60 98.994949 4.500000 180.899994 19
72 91 70.000000 4.500000 180.899994 20
73 90 70.000000 4.500000 180.899994 20
72 73 70.000000 4.500000 180.899994 20
91 90 70.000000 4.500000 180.899994 20
73 91 98.994949 4.500000 180.899994 20
90 72 98.994949 4.500000 180.899994 20
74 89 70.000000 4.500000 180.899994 21
73 74 70.000000 4.500000 180.899994 21
90 89 70.000000 4.500000 180.899994 21
74 90 98.994949 4.500000 180.899994 21
89 73 98.994949 4.500000 180.899994 21
75 88 70.000000 4.500000 180.899994 22
74 75 70.000000 4.500000 180.899994 22
89 88 70.000000 4.500000 180.899994 22
75 89 98.994949 4.500000 180.899994 22
88 74 98.994949 4.500000 180.899994 22
76 87 70.000000 4.500000 180.899994 23
75 76 70.000000 4.500000 180.899994 23
88 87 70.000000 4.500000 180.899994 23
76 88 98.994949 4.500000 180.899994 23
87 75 98.994949 4.500000 180.899994 23
77 86 70.000000 4.500000 180.899994 24
76 77 70.000000 4.500000 180.899994 24
87 86 70.000000 4.500000 180.899994 24
77 87 98.994949 4.500000 180.899994 24
86 76 98.994949 4.500000 180.899994 24
78 85 70.000000 4.500000 180.899994 25
77 78 70.000000 4.500000 180.899994 25
86 85 70.000000 4.500000 180.899994 25
78 86 98.994949 4.500000 180.899994 25
85 77 98.994949 4.500000 180.899994 25
79 84 70.000000 4.500000 180.899994 26
78 79 70.000000 4.500000 180.899994 26
85 84 70.000000 4.500000 180.899994 26
79 85 98.994949 4.500000 180.899994 26
84 78 98.994949 4.500000 180.899994 26
80 83 70.000000 4.500000 180.899994 27
79 80 70.000000 4.500000 180.899994 27
84 83 70.000000 4.500000 180.899994 27
80 84 98.994949 4.500000 180.899994 27
83 79 98.994949 4.500000 180.899994 27
81 82 70.000000 4.500000 180.899994 28
80 81 70.000000 4.500000 180.899994 28
83 82 70.000000 4.500000 180.899994 28
81 83 98.994949 4.500000 180.899994 28
82 80 98.994949 4.500000 180.899994 28
92 95 55.557026 2.500000 1090.000000 29
97 92 83.146942 2.500000 1090.000000 29
93 96 55.557026 2.500000 1090.000000 29
98 93 83.146942 2.500000 1090.000000 29
94 97 55.557026 2.500000 1090.000000 29
99 94 83.146942 2.500000 1090.000000 29
95 98 55.557026 2.500000 1090.000000 29
100 95 83.146942 2.500000 1090.000000 29
96 99 55.557026 2.500000 1090.000000 29
101 96 83.146942 2.500000 1090.000000 29
97 100 55.557026 2.500000 1090.000000 29
102 97 83.146942 2.500000 1090.000000 29
98 101 55.557026 2.500000 1090.000000 29
103 98 83.146942 2.500000 1090.000000 29
99 102 55.557026 2.500000 1090.000000 29
104 99 83.146942 2.500000 1090.000000 29
100 103 55.557026 2.500000 1090.000000 29
105 100 83.146942 2.500000 1090.000000 29
101 104 55.557026 2.500000 1090.000000 29
106 101 83.146942 2.500000 1090.000000 29
102 105 55.557026 2.500000 1090.000000 29
107 102 83.146942 2.500000 1090.000000 29
103 106 55.557026 2.500000 1090.000000 29
92 103 83.146942 2.500000 1090.000000 29
104 107 55.557026 2.500000 1090.000000 29
93 104 83.146942 2.500000 1090.000000 29
105 92 55.557026 2.500000 1090.000000 29
94 105 83.146942 2.500000 1090.000000 29
106 93 55.557026 2.500000 1090.000000 29
95 106 83.146942 2.500000 1090.000000 29
107 94 55.557026 2.500000 1090.000000 29
96 107 83.146942 2.500000 1090.000000 29
staticjoints=0
