20
1.000000
1.000000
1.000000
1.000000
1.000000
1.000000
1.000000
1.000000
1.000000
1.000000
1.000000
1.000000
1.000000
1.000000
1.000000
1.000000
1.000000
1.000000
1.000000
1.000000
20
853.000000 375.475555
923.000000 375.475555
993.000000 375.475555
1063.000000 375.475555
1133.000000 375.475555
1203.000000 375.475555
1273.000000 375.475555
1343.000000 375.475555
1413.000000 375.475555
1483.000000 375.475555
1483.000000 445.475555
1413.000000 445.475555
1343.000000 445.475555
1273.000000 445.475555
1203.000000 445.475555
1133.000000 445.475555
1063.000000 445.475555
993.000000 445.475555
923.000000 445.475555
853.000000 445.475555
20
0.000000 0.178799
0.000000 0.178799
0.000000 0.178799
0.000000 0.178799
0.000000 0.178799
0.000000 0.178799
0.000000 0.178799
0.000000 0.178799
0.000000 0.178799
0.000000 0.178799
0.000000 0.178799
0.000000 0.178799
0.000000 0.178799
0.000000 0.178799
0.000000 0.178799
0.000000 0.178799
0.000000 0.178799
0.000000 0.178799
0.000000 0.178799
0.000000 0.178799
20
853.000000 269.000000
923.000000 269.000000
993.000000 269.000000
1063.000000 269.000000
1133.000000 269.000000
1203.000000 269.000000
1273.000000 269.000000
1343.000000 269.000000
1413.000000 269.000000
1483.000000 269.000000
1483.000000 339.000000
1413.000000 339.000000
1343.000000 339.000000
1273.000000 339.000000
1203.000000 339.000000
1133.000000 339.000000
1063.000000 339.000000
993.000000 339.000000
923.000000 339.000000
853.000000 339.000000
shapes=9
start=0 end=20 volume=0.000000 isStatic=0 selfIntersecting=1 parentId=0 indices=0,1,18,19 interiorEdges=0,1,0,0
start=0 end=20 volume=0.000000 isStatic=0 selfIntersecting=1 parentId=0 indices=1,2,17,18 interiorEdges=0,1,0,1
start=0 end=20 volume=0.000000 isStatic=0 selfIntersecting=1 parentId=0 indices=2,3,16,17 interiorEdges=0,1,0,1
start=0 end=20 volume=0.000000 isStatic=0 selfIntersecting=1 parentId=0 indices=3,4,15,16 interiorEdges=0,1,0,1
start=0 end=20 volume=0.000000 isStatic=0 selfIntersecting=1 parentId=0 indices=4,5,14,15 interiorEdges=0,1,0,1
start=0 end=20 volume=0.000000 isStatic=0 selfIntersecting=1 parentId=0 indices=5,6,13,14 interiorEdges=0,1,0,1
start=0 end=20 volume=0.000000 isStatic=0 selfIntersecting=1 parentId=0 indices=6,7,12,13 interiorEdges=0,1,0,1
start=0 end=20 volume=0.000000 isStatic=0 selfIntersecting=1 parentId=0 indices=7,8,11,12 interiorEdges=0,1,0,1
start=0 end=20 volume=0.000000 isStatic=0 selfIntersecting=1 parentId=0 indices=8,9,10,11 interiorEdges=0,0,0,1
springs=46
0 19 70.000000 4.500000 180.899994 0
1 18 70.000000 4.500000 180.899994 0
0 1 70.000000 4.500000 180.899994 0
19 18 70.000000 4.500000 180.899994 0
1 19 98.994949 4.500000 180.899994 0
18 0 98.994949 4.500000 180.899994 0
2 17 70.000000 4.500000 180.899994 1
1 2 70.000000 4.500000 180.899994 1
18 17 70.000000 4.500000 180.899994 1
2 18 98.994949 4.500000 180.899994 1
17 1 98.994949 4.500000 180.899994 1
3 16 70.000000 4.500000 180.899994 2
2 3 70.000000 4.500000 180.899994 2
17 16 70.000000 4.500000 180.899994 2
3 17 98.994949 4.500000 180.899994 2
16 2 98.994949 4.500000 180.899994 2
4 15 70.000000 4.500000 180.899994 3
3 4 70.000000 4.500000 180.899994 3
16 15 70.000000 4.500000 180.899994 3
4 16 98.994949 4.500000 180.899994 3
15 3 98.994949 4.500000 180.899994 3
5 14 70.000000 4.500000 180.899994 4
4 5 70.000000 4.500000 180.899994 4
15 14 70.000000 4.500000 180.899994 4
5 15 98.994949 4.500000 180.899994 4
14 4 98.994949 4.500000 180.899994 4
6 13 70.000000 4.500000 180.899994 5
5 6 70.000000 4.500000 180.899994 5
14 13 70.000000 4.500000 180.899994 5
6 14 98.994949 4.500000 180.899994 5
13 5 98.994949 4.500000 180.899994 5
7 12 70.000000 4.500000 180.899994 6
6 7 70.000000 4.500000 180.899994 6
13 12 70.000000 4.500000 180.899994 6
7 13 98.994949 4.500000 180.899994 6
12 6 98.994949 4.500000 180.899994 6
8 11 70.000000 4.500000 180.899994 7
7 8 70.000000 4.500000 180.899994 7
12 11 70.000000 4.500000 180.899994 7
8 12 98.994949 4.500000 180.899994 7
11 7 98.994949 4.500000 180.899994 7
9 10 70.000000 4.500000 180.899994 8
8 9 70.000000 4.500000 180.899994 8
11 10 70.000000 4.500000 180.899994 8
9 11 98.994949 4.500000 180.899994 8
10 8 98.994949 4.500000 180.899994 8
staticjoints=0
