8
0.200000
0.200000
0.200000
0.200000
0.200000
0.200000
0.200000
0.200000
8
381.439850 390.647888
383.316589 412.570251
493.511383 440.187103
494.214661 462.088867
431.433655 494.896393
413.854767 481.813110
454.103424 375.579285
437.177673 361.520874
8
0.000033 0.000046
0.000018 0.000025
0.000035 0.000040
0.000024 0.000045
0.000041 0.000049
0.000029 0.000036
0.000023 0.000032
0.000038 0.000047
8
-55.000000 -41.250000
-41.250000 -55.000000
41.250000 -55.000000
55.000000 -41.250000
55.000000 41.250000
41.250000 55.000000
-41.250000 55.000000
-55.000000 41.250000
8
447.217712 359.562653
465.772339 365.380798
503.981720 438.499146
498.163574 457.053772
425.045227 495.263153
406.490601 489.445007
368.281219 416.326660
374.099365 397.772034
size=1
start=0 end=8 substart=0 subend=0 volume=0.000000
28
0 1 19.445436 4.000000 5.780000 0
1 2 82.500000 4.000000 5.780000 0
2 3 19.445436 4.000000 5.780000 0
0 3 110.000000 4.000000 5.780000 0
1 3 97.227180 4.000000 5.780000 0
0 2 97.227180 4.000000 5.780000 0
2 3 19.445436 4.000000 5.780000 0
3 4 82.500000 4.000000 5.780000 0
4 5 19.445436 4.000000 5.780000 0
2 5 110.000000 4.000000 5.780000 0
3 5 97.227180 4.000000 5.780000 0
2 4 97.227180 4.000000 5.780000 0
4 5 19.445436 4.000000 5.780000 0
5 6 82.500000 4.000000 5.780000 0
6 7 19.445436 4.000000 5.780000 0
4 7 110.000000 4.000000 5.780000 0
5 7 97.227180 4.000000 5.780000 0
4 6 97.227180 4.000000 5.780000 0
6 7 19.445436 4.000000 5.780000 0
7 0 82.500000 4.000000 5.780000 0
0 1 19.445436 4.000000 5.780000 0
6 1 110.000000 4.000000 5.780000 0
7 1 97.227180 4.000000 5.780000 0
6 0 97.227180 4.000000 5.780000 0
0 5 136.118057 4.000000 5.780000 0
1 4 136.118057 4.000000 5.780000 0
2 7 136.118057 4.000000 5.780000 0
3 6 136.118057 4.000000 5.780000 0
0
