104
4.000000
4.000000
4.000000
4.000000
4.000000
4.000000
4.000000
4.000000
4.000000
4.000000
4.000000
4.000000
4.000000
4.000000
4.000000
4.000000
4.000000
4.000000
4.000000
4.000000
4.000000
4.000000
4.000000
4.000000
4.000000
4.000000
4.000000
4.000000
1.000000
1.000000
1.000000
1.000000
1.000000
1.000000
1.000000
1.000000
1.000000
1.000000
1.000000
1.000000
1.000000
1.000000
1.000000
1.000000
1.000000
1.000000
1.000000
1.000000
1.000000
1.000000
1.000000
1.000000
1.000000
1.000000
1.000000
1.000000
1.000000
1.000000
1.000000
1.000000
1.000000
1.000000
1.000000
1.000000
1.000000
1.000000
1.000000
1.000000
1.000000
1.000000
1.000000
1.000000
1.000000
1.000000
1.000000
1.000000
1.000000
1.000000
1.000000
1.000000
1.000000
1.000000
1.000000
1.000000
1.000000
1.000000
1.000000
1.000000
2.000000
2.000000
2.000000
2.000000
2.000000
2.000000
2.000000
2.000000
2.000000
2.000000
2.000000
2.000000
2.000000
2.000000
2.000000
2.000000
104
1105.000000 101.000000
1101.193970 120.134171
1090.355347 136.355331
1074.134155 147.193970
1055.000000 151.000000
1035.865845 147.193970
1019.644653 136.355331
1008.806030 120.134171
1005.000000 101.000008
1008.806030 81.865837
1019.644653 65.644669
1035.865845 54.806026
1055.000000 51.000000
1074.134155 54.806026
1090.355347 65.644676
1101.193970 81.865852
465.000000 -29.000000
515.000000 -29.000000
509.000000 769.000000
452.000000 768.000000
452.000000 771.000000
1587.000000 762.000000
1588.000000 808.000000
452.000000 821.000000
1549.000000 -29.000000
1594.000000 -28.000000
1588.000000 763.000000
1538.000000 763.000000
663.669006 725.251831
679.881897 657.053345
696.200989 588.700928
712.902344 520.160461
730.514526 451.450562
749.788635 382.674286
771.720093 314.046722
797.613403 245.998535
829.102905 179.344208
868.096436 115.535049
916.554810 57.003273
976.097778 7.663336
1046.311157 -26.641455
1122.663574 -42.705502
1200.213257 -41.162853
1275.334473 -23.430178
1345.133179 8.831600
1407.234131 53.822754
1459.617554 109.641396
1500.548584 174.210510
1528.632324 245.202133
1542.941528 320.030609
1542.975098 395.947662
1529.943604 470.689575
1502.006836 541.459534
1460.138550 604.703308
1407.140503 657.922180
1346.990479 700.823242
1283.628784 735.464111
1219.957764 764.837524
1188.946411 703.419434
1250.854248 673.435425
1309.105225 641.956238
1361.473633 605.045471
1405.837524 560.924194
1440.124146 509.399170
1462.877075 451.700043
1473.795898 389.913025
1473.561523 326.699493
1461.705444 264.592468
1438.434570 205.759628
1404.536377 152.283127
1361.200562 106.088676
1309.962891 68.928940
1252.685669 42.387962
1191.577637 27.866501
1129.244629 26.498766
1068.664185 38.779453
1013.353455 65.806290
965.517761 106.566238
924.619019 156.454025
890.386108 212.865585
861.797485 273.674316
837.636475 337.380798
816.724304 402.963226
798.038757 469.737213
780.753723 537.248962
764.217041 605.197205
747.954224 673.322815
731.757446 741.476135
908.161926 673.035400
907.476257 692.532532
899.390076 710.286743
885.118713 723.588257
866.846619 730.424683
847.350037 729.739014
829.595337 721.652649
816.293884 707.381348
809.457397 689.109436
810.143127 669.612305
818.229370 651.858154
832.500793 638.556519
850.772949 631.720154
870.269592 632.405823
888.023987 640.492126
901.325623 654.763550
104
0.000000 0.000000
0.000000 0.000000
0.000000 0.000000
0.000000 0.000000
0.000000 0.000000
0.000000 0.000000
0.000000 0.000000
0.000000 0.000000
0.000000 0.000000
0.000000 0.000000
0.000000 0.000000
0.000000 0.000000
0.000000 0.000000
0.000000 0.000000
0.000000 0.000000
0.000000 0.000000
0.000000 0.000000
0.000000 0.000000
0.000000 0.000000
0.000000 0.000000
0.000000 0.000000
0.000000 0.000000
0.000000 0.000000
0.000000 0.000000
0.000000 0.000000
0.000000 0.000000
0.000000 0.000000
0.000000 0.000000
-0.018586 -0.004999
-0.019454 -0.005177
-0.021164 -0.005424
-0.023794 -0.005947
-0.026532 -0.006734
-0.028351 -0.007535
-0.028586 -0.007971
-0.027027 -0.007657
-0.023794 -0.006139
-0.019606 -0.003019
-0.015909 0.001657
-0.014978 0.006404
-0.017580 0.006926
-0.020072 0.003502
-0.020906 -0.000839
-0.020442 -0.004255
-0.019523 -0.006340
-0.018343 -0.007721
-0.016458 -0.009157
-0.012900 -0.010787
-0.007436 -0.011601
-0.001956 -0.009973
0.009283 -0.005531
-0.010650 -0.003105
-0.022415 -0.005913
-0.030193 -0.011280
-0.032059 -0.014849
-0.029465 -0.013816
-0.025204 -0.008253
-0.020544 0.026900
-0.028196 0.003565
-0.031840 -0.004473
-0.033036 -0.011537
-0.031574 -0.015381
-0.026634 -0.015900
-0.018116 -0.014071
-0.008164 -0.011380
-0.001076 -0.009091
-0.001587 -0.007843
-0.006012 -0.007365
-0.010980 -0.007205
-0.014699 -0.006939
-0.016881 -0.006431
-0.017833 -0.005391
-0.017998 -0.003400
-0.017520 -0.000360
-0.016527 0.003300
-0.012401 0.013208
-0.012574 0.014675
-0.018910 0.004840
-0.022384 0.000956
-0.025622 -0.002664
-0.027891 -0.005528
-0.028708 -0.007502
-0.027969 -0.008620
-0.025897 -0.008935
-0.023073 -0.008469
-0.020602 -0.007379
-0.019071 -0.006391
-0.018439 -0.005900
0.083092 -0.003949
0.083523 -0.003929
0.083339 -0.004021
0.083626 -0.003704
0.083552 -0.003901
0.083536 -0.003474
0.083622 -0.003672
0.083316 -0.003377
0.083514 -0.003451
0.083086 -0.003470
0.083276 -0.003376
0.082976 -0.003696
0.083061 -0.003495
0.083073 -0.003926
0.082984 -0.003727
0.083299 -0.004021
104
1105.000000 101.000000
1101.193970 120.134171
1090.355347 136.355331
1074.134155 147.193970
1055.000000 151.000000
1035.865845 147.193970
1019.644653 136.355331
1008.806030 120.134171
1005.000000 101.000008
1008.806030 81.865837
1019.644653 65.644669
1035.865845 54.806026
1055.000000 51.000000
1074.134155 54.806026
1090.355347 65.644676
1101.193970 81.865852
600.000000 -255.000000
650.000000 -255.000000
650.000000 -205.000000
600.000000 -205.000000
534.000000 857.000000
584.000000 857.000000
584.000000 907.000000
534.000000 907.000000
1574.000000 -34.000000
1624.000000 -34.000000
1624.000000 16.000000
1574.000000 16.000000
773.000000 -249.000000
843.000000 -249.000000
913.000000 -249.000000
983.000000 -249.000000
1053.000000 -249.000000
1123.000000 -249.000000
1193.000000 -249.000000
1263.000000 -249.000000
1333.000000 -249.000000
1403.000000 -249.000000
1473.000000 -249.000000
1543.000000 -249.000000
1613.000000 -249.000000
1683.000000 -249.000000
1753.000000 -249.000000
1823.000000 -249.000000
1893.000000 -249.000000
1963.000000 -249.000000
2033.000000 -249.000000
2103.000000 -249.000000
2173.000000 -249.000000
2243.000000 -249.000000
2313.000000 -249.000000
2383.000000 -249.000000
2453.000000 -249.000000
2523.000000 -249.000000
2593.000000 -249.000000
2663.000000 -249.000000
2733.000000 -249.000000
2803.000000 -249.000000
2803.000000 -179.000000
2733.000000 -179.000000
2663.000000 -179.000000
2593.000000 -179.000000
2523.000000 -179.000000
2453.000000 -179.000000
2383.000000 -179.000000
2313.000000 -179.000000
2243.000000 -179.000000
2173.000000 -179.000000
2103.000000 -179.000000
2033.000000 -179.000000
1963.000000 -179.000000
1893.000000 -179.000000
1823.000000 -179.000000
1753.000000 -179.000000
1683.000000 -179.000000
1613.000000 -179.000000
1543.000000 -179.000000
1473.000000 -179.000000
1403.000000 -179.000000
1333.000000 -179.000000
1263.000000 -179.000000
1193.000000 -179.000000
1123.000000 -179.000000
1053.000000 -179.000000
983.000000 -179.000000
913.000000 -179.000000
843.000000 -179.000000
773.000000 -179.000000
1202.000000 448.000000
1198.193970 467.134186
1187.355347 483.355347
1171.134155 494.193970
1152.000000 498.000000
1132.865845 494.193970
1116.644653 483.355347
1105.806030 467.134186
1102.000000 448.000000
1105.806030 428.865845
1116.644653 412.644684
1132.865845 401.806030
1152.000000 398.000000
1171.134155 401.806030
1187.355347 412.644684
1198.193970 428.865845
shapes=34
start=0 end=16 texture=0 stiffness=1.000000 damping=1.000000 volume=300.000000 isStatic=1 selfIntersecting=0 parentId=-1 indices=65535,65535,65535,65535 interiorEdges=0,0,0,0
start=16 end=20 texture=0 stiffness=1.000000 damping=1.000000 volume=0.000000 isStatic=1 selfIntersecting=0 parentId=-1 indices=65535,65535,65535,65535 interiorEdges=0,0,0,0
start=20 end=24 texture=0 stiffness=1.000000 damping=1.000000 volume=0.000000 isStatic=1 selfIntersecting=0 parentId=-1 indices=65535,65535,65535,65535 interiorEdges=0,0,0,0
start=24 end=28 texture=0 stiffness=1.000000 damping=1.000000 volume=0.000000 isStatic=1 selfIntersecting=0 parentId=-1 indices=65535,65535,65535,65535 interiorEdges=0,0,0,0
start=28 end=88 texture=0 stiffness=1.000000 damping=1.000000 volume=0.000000 isStatic=0 selfIntersecting=1 parentId=0 indices=0,1,58,59 interiorEdges=0,1,0,0
start=28 end=88 texture=0 stiffness=1.000000 damping=1.000000 volume=0.000000 isStatic=0 selfIntersecting=1 parentId=0 indices=1,2,57,58 interiorEdges=0,1,0,1
start=28 end=88 texture=0 stiffness=1.000000 damping=1.000000 volume=0.000000 isStatic=0 selfIntersecting=1 parentId=0 indices=2,3,56,57 interiorEdges=0,1,0,1
start=28 end=88 texture=0 stiffness=1.000000 damping=1.000000 volume=0.000000 isStatic=0 selfIntersecting=1 parentId=0 indices=3,4,55,56 interiorEdges=0,1,0,1
start=28 end=88 texture=0 stiffness=1.000000 damping=1.000000 volume=0.000000 isStatic=0 selfIntersecting=1 parentId=0 indices=4,5,54,55 interiorEdges=0,1,0,1
start=28 end=88 texture=0 stiffness=1.000000 damping=1.000000 volume=0.000000 isStatic=0 selfIntersecting=1 parentId=0 indices=5,6,53,54 interiorEdges=0,1,0,1
start=28 end=88 texture=0 stiffness=1.000000 damping=1.000000 volume=0.000000 isStatic=0 selfIntersecting=1 parentId=0 indices=6,7,52,53 interiorEdges=0,1,0,1
start=28 end=88 texture=0 stiffness=1.000000 damping=1.000000 volume=0.000000 isStatic=0 selfIntersecting=1 parentId=0 indices=7,8,51,52 interiorEdges=0,1,0,1
start=28 end=88 texture=0 stiffness=1.000000 damping=1.000000 volume=0.000000 isStatic=0 selfIntersecting=1 parentId=0 indices=8,9,50,51 interiorEdges=0,1,0,1
start=28 end=88 texture=0 stiffness=1.000000 damping=1.000000 volume=0.000000 isStatic=0 selfIntersecting=1 parentId=0 indices=9,10,49,50 interiorEdges=0,1,0,1
start=28 end=88 texture=0 stiffness=1.000000 damping=1.000000 volume=0.000000 isStatic=0 selfIntersecting=1 parentId=0 indices=10,11,48,49 interiorEdges=0,1,0,1
start=28 end=88 texture=0 stiffness=1.000000 damping=1.000000 volume=0.000000 isStatic=0 selfIntersecting=1 parentId=0 indices=11,12,47,48 interiorEdges=0,1,0,1
start=28 end=88 texture=0 stiffness=1.000000 damping=1.000000 volume=0.000000 isStatic=0 selfIntersecting=1 parentId=0 indices=12,13,46,47 interiorEdges=0,1,0,1
start=28 end=88 texture=0 stiffness=1.000000 damping=1.000000 volume=0.000000 isStatic=0 selfIntersecting=1 parentId=0 indices=13,14,45,46 interiorEdges=0,1,0,1
start=28 end=88 texture=0 stiffness=1.000000 damping=1.000000 volume=0.000000 isStatic=0 selfIntersecting=1 parentId=0 indices=14,15,44,45 interiorEdges=0,1,0,1
start=28 end=88 texture=0 stiffness=1.000000 damping=1.000000 volume=0.000000 isStatic=0 selfIntersecting=1 parentId=0 indices=15,16,43,44 interiorEdges=0,1,0,1
start=28 end=88 texture=0 stiffness=1.000000 damping=1.000000 volume=0.000000 isStatic=0 selfIntersecting=1 parentId=0 indices=16,17,42,43 interiorEdges=0,1,0,1
start=28 end=88 texture=0 stiffness=1.000000 damping=1.000000 volume=0.000000 isStatic=0 selfIntersecting=1 parentId=0 indices=17,18,41,42 interiorEdges=0,1,0,1
start=28 end=88 texture=0 stiffness=1.000000 damping=1.000000 volume=0.000000 isStatic=0 selfIntersecting=1 parentId=0 indices=18,19,40,41 interiorEdges=0,1,0,1
start=28 end=88 texture=0 stiffness=1.000000 damping=1.000000 volume=0.000000 isStatic=0 selfIntersecting=1 parentId=0 indices=19,20,39,40 interiorEdges=0,1,0,1
start=28 end=88 texture=0 stiffness=1.000000 damping=1.000000 volume=0.000000 isStatic=0 selfIntersecting=1 parentId=0 indices=20,21,38,39 interiorEdges=0,1,0,1
start=28 end=88 texture=0 stiffness=1.000000 damping=1.000000 volume=0.000000 isStatic=0 selfIntersecting=1 parentId=0 indices=21,22,37,38 interiorEdges=0,1,0,1
start=28 end=88 texture=0 stiffness=1.000000 damping=1.000000 volume=0.000000 isStatic=0 selfIntersecting=1 parentId=0 indices=22,23,36,37 interiorEdges=0,1,0,1
start=28 end=88 texture=0 stiffness=1.000000 damping=1.000000 volume=0.000000 isStatic=0 selfIntersecting=1 parentId=0 indices=23,24,35,36 interiorEdges=0,1,0,1
start=28 end=88 texture=0 stiffness=1.000000 damping=1.000000 volume=0.000000 isStatic=0 selfIntersecting=1 parentId=0 indices=24,25,34,35 interiorEdges=0,1,0,1
start=28 end=88 texture=0 stiffness=1.000000 damping=1.000000 volume=0.000000 isStatic=0 selfIntersecting=1 parentId=0 indices=25,26,33,34 interiorEdges=0,1,0,1
start=28 end=88 texture=0 stiffness=1.000000 damping=1.000000 volume=0.000000 isStatic=0 selfIntersecting=1 parentId=0 indices=26,27,32,33 interiorEdges=0,1,0,1
start=28 end=88 texture=0 stiffness=1.000000 damping=1.000000 volume=0.000000 isStatic=0 selfIntersecting=1 parentId=0 indices=27,28,31,32 interiorEdges=0,1,0,1
start=28 end=88 texture=0 stiffness=1.000000 damping=1.000000 volume=0.000000 isStatic=0 selfIntersecting=1 parentId=0 indices=28,29,30,31 interiorEdges=0,0,0,1
start=88 end=104 texture=0 stiffness=1.000000 damping=1.000000 volume=300.000000 isStatic=0 selfIntersecting=0 parentId=-1 indices=65535,65535,65535,65535 interiorEdges=0,0,0,0
staticjoints=0
