108
4.000000
4.000000
4.000000
4.000000
4.000000
4.000000
4.000000
4.000000
4.000000
4.000000
4.000000
4.000000
4.000000
4.000000
4.000000
4.000000
4.000000
4.000000
4.000000
4.000000
4.000000
4.000000
4.000000
4.000000
4.000000
4.000000
4.000000
4.000000
4.000000
4.000000
4.000000
4.000000
1.000000
1.000000
1.000000
1.000000
1.000000
1.000000
1.000000
1.000000
1.000000
1.000000
1.000000
1.000000
1.000000
1.000000
1.000000
1.000000
1.000000
1.000000
1.000000
1.000000
1.000000
1.000000
1.000000
1.000000
1.000000
1.000000
1.000000
1.000000
1.000000
1.000000
1.000000
1.000000
1.000000
1.000000
1.000000
1.000000
1.000000
1.000000
1.000000
1.000000
1.000000
1.000000
1.000000
1.000000
1.000000
1.000000
1.000000
1.000000
1.000000
1.000000
1.000000
1.000000
1.000000
1.000000
1.000000
1.000000
1.000000
1.000000
1.000000
1.000000
2.000000
2.000000
2.000000
2.000000
2.000000
2.000000
2.000000
2.000000
2.000000
2.000000
2.000000
2.000000
2.000000
2.000000
2.000000
2.000000
108
428.000000 77.000000
531.000000 -216.000000
589.000000 -516.000000
633.000000 -1031.000000
1752.000000 -1049.000000
1381.000000 -921.000000
731.000000 -915.000000
668.000000 -579.000000
941.000000 -224.000000
731.000000 85.000000
909.000000 428.000000
1441.000000 433.000000
1570.000000 -154.000000
1730.000000 -176.000000
1715.000000 579.000000
525.000000 628.000000
1164.000000 118.000000
1160.193970 137.134171
1149.355347 153.355347
1133.134155 164.193970
1114.000000 168.000000
1094.865845 164.193970
1078.644653 153.355347
1067.806030 137.134171
1064.000000 118.000000
1067.806030 98.865837
1078.644653 82.644669
1094.865845 71.806023
1114.000000 68.000000
1133.134155 71.806030
1149.355347 82.644669
1160.193970 98.865852
835.580322 152.674820
900.182495 180.372406
963.641968 209.536255
1026.339600 236.605972
1089.648926 259.199860
1154.203735 276.121948
1220.187500 287.063263
1287.492310 292.966736
1356.123047 294.890961
1425.843872 294.584686
1425.135132 364.113647
1354.740479 363.107391
1283.452026 362.063416
1211.352661 356.366913
1139.586182 344.516266
1069.237793 326.099396
1001.149841 301.887695
935.632080 273.643341
872.272156 243.905396
808.062805 217.036102
1329.804199 294.094391
1256.897705 289.913818
1184.729126 277.817719
1113.665283 257.206909
1046.053711 226.367279
983.330322 187.675629
920.866943 136.819565
884.872070 64.936913
859.227112 -1.410338
832.705933 -64.413292
895.677246 -93.918999
923.859436 -29.484594
938.307800 41.291054
950.377258 113.961372
1019.515564 138.902756
1081.120361 165.372971
1139.140747 191.956711
1201.639648 209.505264
1268.058594 220.122101
1337.059326 226.743576
874.238220 244.832779
934.733765 277.262024
992.652771 308.676361
1051.588257 333.711243
1112.677856 350.430511
1176.037354 358.982605
1241.631470 361.497009
1308.852417 362.568176
1376.834961 363.496735
1446.127563 364.402283
1440.817261 432.868134
1375.156738 432.268768
1307.590454 431.620361
1239.116333 430.948425
1169.180664 428.515289
1098.432983 418.830627
1029.029053 399.824463
963.142639 372.120178
901.508667 338.806519
844.251953 303.103943
1021.467651 121.609314
1003.938599 132.220657
986.702515 127.010185
969.034973 120.654121
952.367310 114.652306
947.854370 98.609116
944.822571 80.514252
941.979980 63.117031
951.419006 46.049026
968.573364 36.112316
988.061584 33.581367
1007.266724 38.803089
1021.736084 50.985123
1032.431030 66.742256
1036.179565 85.885864
1032.293091 105.131142
108
0.000000 0.000000
0.000000 0.000000
0.000000 0.000000
0.000000 0.000000
0.000000 0.000000
0.000000 0.000000
0.000000 0.000000
0.000000 0.000000
0.000000 0.000000
0.000000 0.000000
0.000000 0.000000
0.000000 0.000000
0.000000 0.000000
0.000000 0.000000
0.000000 0.000000
0.000000 0.000000
0.000000 0.000000
0.000000 0.000000
0.000000 0.000000
0.000000 0.000000
0.000000 0.000000
0.000000 0.000000
0.000000 0.000000
0.000000 0.000000
0.000000 0.000000
0.000000 0.000000
0.000000 0.000000
0.000000 0.000000
0.000000 0.000000
0.000000 0.000000
0.000000 0.000000
0.000000 0.000000
0.009083 0.003517
0.005436 0.002593
0.005295 -0.008442
0.010269 -0.017398
0.014078 -0.022692
0.016757 -0.024010
0.019899 -0.019607
0.014551 0.011938
0.007047 0.014519
0.000243 -0.002679
-0.001164 0.009254
0.005846 0.021886
0.009361 0.014979
0.012879 -0.017393
0.016625 -0.024062
0.017972 -0.021123
0.017654 -0.014011
0.013860 -0.003208
0.004804 0.012717
0.008427 0.001480
-0.031921 0.076114
-0.132855 0.034243
-0.152406 -0.000057
-0.118442 -0.020566
-0.071649 0.171876
-0.253072 0.665011
-1.202624 1.050415
-0.760670 0.294426
-0.307659 0.085182
-0.107781 0.118526
-0.164977 0.173999
-0.187303 0.343788
-0.957571 0.906848
-1.339841 1.350623
-1.047094 0.759636
-0.213270 0.018127
-0.095502 -0.026041
-0.085952 -0.005999
-0.058653 0.033389
-0.064211 -0.019271
0.034223 -0.029418
0.004829 -0.002052
0.008844 -0.012474
0.010596 -0.017402
0.009703 -0.016534
0.009068 -0.010199
0.007578 0.003263
0.003016 -0.004668
-0.006260 -0.020910
-0.018774 -0.003919
0.010423 0.041074
-0.001232 0.017907
0.003730 -0.019667
0.003676 0.003209
0.003622 -0.004560
0.005985 -0.011204
0.010328 -0.010934
0.012606 -0.005594
0.012739 0.010164
-0.051450 0.048503
-1.331384 1.411159
-1.370113 1.450351
-1.222817 1.138042
-1.296992 1.295758
-1.401862 1.360721
-1.337217 1.418410
-1.259385 1.347276
-1.161069 1.329371
-1.378461 1.382149
-1.358279 1.363760
-1.367283 1.410186
-1.321485 1.392327
-1.379020 1.438614
-1.341602 1.344735
-1.349823 1.407975
-1.324317 1.397724
108
570.000000 233.000000
487.000000 162.000000
656.000000 -157.000000
641.000000 -536.000000
683.000000 -992.000000
1200.000000 -976.000000
641.000000 -683.000000
787.000000 -316.000000
546.000000 -35.000000
620.000000 233.000000
710.000000 493.000000
1427.000000 512.000000
1373.000000 599.000000
1545.000000 183.000000
620.000000 283.000000
570.000000 283.000000
1259.000000 47.000000
1255.193970 66.134171
1244.355347 82.355339
1228.134155 93.193977
1209.000000 97.000000
1189.865845 93.193977
1173.644653 82.355339
1162.806030 66.134171
1159.000000 47.000008
1162.806030 27.865839
1173.644653 11.644670
1189.865845 0.806025
1209.000000 -3.000000
1228.134155 0.806028
1244.355347 11.644673
1255.193970 27.865850
1287.000000 -309.000000
1357.000000 -309.000000
1427.000000 -309.000000
1497.000000 -309.000000
1567.000000 -309.000000
1637.000000 -309.000000
1707.000000 -309.000000
1777.000000 -309.000000
1847.000000 -309.000000
1917.000000 -309.000000
1917.000000 -239.000000
1847.000000 -239.000000
1777.000000 -239.000000
1707.000000 -239.000000
1637.000000 -239.000000
1567.000000 -239.000000
1497.000000 -239.000000
1427.000000 -239.000000
1357.000000 -239.000000
1287.000000 -239.000000
1245.000000 -374.000000
1315.000000 -374.000000
1385.000000 -374.000000
1455.000000 -374.000000
1525.000000 -374.000000
1595.000000 -374.000000
1665.000000 -374.000000
1735.000000 -374.000000
1805.000000 -374.000000
1875.000000 -374.000000
1875.000000 -304.000000
1805.000000 -304.000000
1735.000000 -304.000000
1665.000000 -304.000000
1595.000000 -304.000000
1525.000000 -304.000000
1455.000000 -304.000000
1385.000000 -304.000000
1315.000000 -304.000000
1245.000000 -304.000000
1331.000000 -278.000000
1401.000000 -278.000000
1471.000000 -278.000000
1541.000000 -278.000000
1611.000000 -278.000000
1681.000000 -278.000000
1751.000000 -278.000000
1821.000000 -278.000000
1891.000000 -278.000000
1961.000000 -278.000000
1961.000000 -208.000000
1891.000000 -208.000000
1821.000000 -208.000000
1751.000000 -208.000000
1681.000000 -208.000000
1611.000000 -208.000000
1541.000000 -208.000000
1471.000000 -208.000000
1401.000000 -208.000000
1331.000000 -208.000000
1351.000000 -255.000000
1347.193970 -235.865829
1336.355347 -219.644669
1320.134155 -208.806030
1301.000000 -205.000000
1281.865845 -208.806030
1265.644653 -219.644669
1254.806030 -235.865829
1251.000000 -255.000000
1254.806030 -274.134155
1265.644653 -290.355316
1281.865845 -301.193970
1301.000000 -305.000000
1320.134155 -301.193970
1336.355347 -290.355316
1347.193970 -274.134155
shapes=30
start=0 end=16 volume=0.000000 isStatic=1 selfIntersecting=0 parentId=-1 disableShapeMatching=0 indices=65535,65535,65535,65535 interiorEdges=0,0,0,0
start=16 end=32 volume=300.000000 isStatic=1 selfIntersecting=0 parentId=-1 disableShapeMatching=0 indices=65535,65535,65535,65535 interiorEdges=0,0,0,0
start=32 end=52 volume=0.000000 isStatic=0 selfIntersecting=1 parentId=0 disableShapeMatching=0 indices=0,1,18,19 interiorEdges=0,1,0,0
start=32 end=52 volume=0.000000 isStatic=0 selfIntersecting=1 parentId=0 disableShapeMatching=0 indices=1,2,17,18 interiorEdges=0,1,0,1
start=32 end=52 volume=0.000000 isStatic=0 selfIntersecting=1 parentId=0 disableShapeMatching=0 indices=2,3,16,17 interiorEdges=0,1,0,1
start=32 end=52 volume=0.000000 isStatic=0 selfIntersecting=1 parentId=0 disableShapeMatching=0 indices=3,4,15,16 interiorEdges=0,1,0,1
start=32 end=52 volume=0.000000 isStatic=0 selfIntersecting=1 parentId=0 disableShapeMatching=0 indices=4,5,14,15 interiorEdges=0,1,0,1
start=32 end=52 volume=0.000000 isStatic=0 selfIntersecting=1 parentId=0 disableShapeMatching=0 indices=5,6,13,14 interiorEdges=0,1,0,1
start=32 end=52 volume=0.000000 isStatic=0 selfIntersecting=1 parentId=0 disableShapeMatching=0 indices=6,7,12,13 interiorEdges=0,1,0,1
start=32 end=52 volume=0.000000 isStatic=0 selfIntersecting=1 parentId=0 disableShapeMatching=0 indices=7,8,11,12 interiorEdges=0,1,0,1
start=32 end=52 volume=0.000000 isStatic=0 selfIntersecting=1 parentId=0 disableShapeMatching=0 indices=8,9,10,11 interiorEdges=0,0,0,1
start=52 end=72 volume=0.000000 isStatic=0 selfIntersecting=1 parentId=1 disableShapeMatching=0 indices=0,1,18,19 interiorEdges=0,1,0,0
start=52 end=72 volume=0.000000 isStatic=0 selfIntersecting=1 parentId=1 disableShapeMatching=0 indices=1,2,17,18 interiorEdges=0,1,0,1
start=52 end=72 volume=0.000000 isStatic=0 selfIntersecting=1 parentId=1 disableShapeMatching=0 indices=2,3,16,17 interiorEdges=0,1,0,1
start=52 end=72 volume=0.000000 isStatic=0 selfIntersecting=1 parentId=1 disableShapeMatching=0 indices=3,4,15,16 interiorEdges=0,1,0,1
start=52 end=72 volume=0.000000 isStatic=0 selfIntersecting=1 parentId=1 disableShapeMatching=0 indices=4,5,14,15 interiorEdges=0,1,0,1
start=52 end=72 volume=0.000000 isStatic=0 selfIntersecting=1 parentId=1 disableShapeMatching=0 indices=5,6,13,14 interiorEdges=0,1,0,1
start=52 end=72 volume=0.000000 isStatic=0 selfIntersecting=1 parentId=1 disableShapeMatching=0 indices=6,7,12,13 interiorEdges=0,1,0,1
start=52 end=72 volume=0.000000 isStatic=0 selfIntersecting=1 parentId=1 disableShapeMatching=0 indices=7,8,11,12 interiorEdges=0,1,0,1
start=52 end=72 volume=0.000000 isStatic=0 selfIntersecting=1 parentId=1 disableShapeMatching=0 indices=8,9,10,11 interiorEdges=0,0,0,1
start=72 end=92 volume=0.000000 isStatic=0 selfIntersecting=1 parentId=2 disableShapeMatching=0 indices=0,1,18,19 interiorEdges=0,1,0,0
start=72 end=92 volume=0.000000 isStatic=0 selfIntersecting=1 parentId=2 disableShapeMatching=0 indices=1,2,17,18 interiorEdges=0,1,0,1
start=72 end=92 volume=0.000000 isStatic=0 selfIntersecting=1 parentId=2 disableShapeMatching=0 indices=2,3,16,17 interiorEdges=0,1,0,1
start=72 end=92 volume=0.000000 isStatic=0 selfIntersecting=1 parentId=2 disableShapeMatching=0 indices=3,4,15,16 interiorEdges=0,1,0,1
start=72 end=92 volume=0.000000 isStatic=0 selfIntersecting=1 parentId=2 disableShapeMatching=0 indices=4,5,14,15 interiorEdges=0,1,0,1
start=72 end=92 volume=0.000000 isStatic=0 selfIntersecting=1 parentId=2 disableShapeMatching=0 indices=5,6,13,14 interiorEdges=0,1,0,1
start=72 end=92 volume=0.000000 isStatic=0 selfIntersecting=1 parentId=2 disableShapeMatching=0 indices=6,7,12,13 interiorEdges=0,1,0,1
start=72 end=92 volume=0.000000 isStatic=0 selfIntersecting=1 parentId=2 disableShapeMatching=0 indices=7,8,11,12 interiorEdges=0,1,0,1
start=72 end=92 volume=0.000000 isStatic=0 selfIntersecting=1 parentId=2 disableShapeMatching=0 indices=8,9,10,11 interiorEdges=0,0,0,1
start=92 end=108 volume=300.000000 isStatic=0 selfIntersecting=0 parentId=-1 disableShapeMatching=0 indices=65535,65535,65535,65535 interiorEdges=0,0,0,0
springs=170
32 51 70.000000 4.500000 180.899994 2
33 50 70.000000 4.500000 180.899994 2
32 33 70.000000 4.500000 180.899994 2
51 50 70.000000 4.500000 180.899994 2
33 51 98.994949 4.500000 180.899994 2
50 32 98.994949 4.500000 180.899994 2
34 49 70.000000 4.500000 180.899994 3
33 34 70.000000 4.500000 180.899994 3
50 49 70.000000 4.500000 180.899994 3
34 50 98.994949 4.500000 180.899994 3
49 33 98.994949 4.500000 180.899994 3
35 48 70.000000 4.500000 180.899994 4
34 35 70.000000 4.500000 180.899994 4
49 48 70.000000 4.500000 180.899994 4
35 49 98.994949 4.500000 180.899994 4
48 34 98.994949 4.500000 180.899994 4
36 47 70.000000 4.500000 180.899994 5
35 36 70.000000 4.500000 180.899994 5
48 47 70.000000 4.500000 180.899994 5
36 48 98.994949 4.500000 180.899994 5
47 35 98.994949 4.500000 180.899994 5
37 46 70.000000 4.500000 180.899994 6
36 37 70.000000 4.500000 180.899994 6
47 46 70.000000 4.500000 180.899994 6
37 47 98.994949 4.500000 180.899994 6
46 36 98.994949 4.500000 180.899994 6
38 45 70.000000 4.500000 180.899994 7
37 38 70.000000 4.500000 180.899994 7
46 45 70.000000 4.500000 180.899994 7
38 46 98.994949 4.500000 180.899994 7
45 37 98.994949 4.500000 180.899994 7
39 44 70.000000 4.500000 180.899994 8
38 39 70.000000 4.500000 180.899994 8
45 44 70.000000 4.500000 180.899994 8
39 45 98.994949 4.500000 180.899994 8
44 38 98.994949 4.500000 180.899994 8
40 43 70.000000 4.500000 180.899994 9
39 40 70.000000 4.500000 180.899994 9
44 43 70.000000 4.500000 180.899994 9
40 44 98.994949 4.500000 180.899994 9
43 39 98.994949 4.500000 180.899994 9
41 42 70.000000 4.500000 180.899994 10
40 41 70.000000 4.500000 180.899994 10
43 42 70.000000 4.500000 180.899994 10
41 43 98.994949 4.500000 180.899994 10
42 40 98.994949 4.500000 180.899994 10
52 71 70.000000 4.500000 180.899994 11
53 70 70.000000 4.500000 180.899994 11
52 53 70.000000 4.500000 180.899994 11
71 70 70.000000 4.500000 180.899994 11
53 71 98.994949 4.500000 180.899994 11
70 52 98.994949 4.500000 180.899994 11
54 69 70.000000 4.500000 180.899994 12
53 54 70.000000 4.500000 180.899994 12
70 69 70.000000 4.500000 180.899994 12
54 70 98.994949 4.500000 180.899994 12
69 53 98.994949 4.500000 180.899994 12
55 68 70.000000 4.500000 180.899994 13
54 55 70.000000 4.500000 180.899994 13
69 68 70.000000 4.500000 180.899994 13
55 69 98.994949 4.500000 180.899994 13
68 54 98.994949 4.500000 180.899994 13
56 67 70.000000 4.500000 180.899994 14
55 56 70.000000 4.500000 180.899994 14
68 67 70.000000 4.500000 180.899994 14
56 68 98.994949 4.500000 180.899994 14
67 55 98.994949 4.500000 180.899994 14
57 66 70.000000 4.500000 180.899994 15
56 57 70.000000 4.500000 180.899994 15
67 66 70.000000 4.500000 180.899994 15
57 67 98.994949 4.500000 180.899994 15
66 56 98.994949 4.500000 180.899994 15
58 65 70.000000 4.500000 180.899994 16
57 58 70.000000 4.500000 180.899994 16
66 65 70.000000 4.500000 180.899994 16
58 66 98.994949 4.500000 180.899994 16
65 57 98.994949 4.500000 180.899994 16
59 64 70.000000 4.500000 180.899994 17
58 59 70.000000 4.500000 180.899994 17
65 64 70.000000 4.500000 180.899994 17
59 65 98.994949 4.500000 180.899994 17
64 58 98.994949 4.500000 180.899994 17
60 63 70.000000 4.500000 180.899994 18
59 60 70.000000 4.500000 180.899994 18
64 63 70.000000 4.500000 180.899994 18
60 64 98.994949 4.500000 180.899994 18
63 59 98.994949 4.500000 180.899994 18
61 62 70.000000 4.500000 180.899994 19
60 61 70.000000 4.500000 180.899994 19
63 62 70.000000 4.500000 180.899994 19
61 63 98.994949 4.500000 180.899994 19
62 60 98.994949 4.500000 180.899994 19
72 91 70.000000 4.500000 180.899994 20
73 90 70.000000 4.500000 180.899994 20
72 73 70.000000 4.500000 180.899994 20
91 90 70.000000 4.500000 180.899994 20
73 91 98.994949 4.500000 180.899994 20
90 72 98.994949 4.500000 180.899994 20
74 89 70.000000 4.500000 180.899994 21
73 74 70.000000 4.500000 180.899994 21
90 89 70.000000 4.500000 180.899994 21
74 90 98.994949 4.500000 180.899994 21
89 73 98.994949 4.500000 180.899994 21
75 88 70.000000 4.500000 180.899994 22
74 75 70.000000 4.500000 180.899994 22
89 88 70.000000 4.500000 180.899994 22
75 89 98.994949 4.500000 180.899994 22
88 74 98.994949 4.500000 180.899994 22
76 87 70.000000 4.500000 180.899994 23
75 76 70.000000 4.500000 180.899994 23
88 87 70.000000 4.500000 180.899994 23
76 88 98.994949 4.500000 180.899994 23
87 75 98.994949 4.500000 180.899994 23
77 86 70.000000 4.500000 180.899994 24
76 77 70.000000 4.500000 180.899994 24
87 86 70.000000 4.500000 180.899994 24
77 87 98.994949 4.500000 180.899994 24
86 76 98.994949 4.500000 180.899994 24
78 85 70.000000 4.500000 180.899994 25
77 78 70.000000 4.500000 180.899994 25
86 85 70.000000 4.500000 180.899994 25
78 86 98.994949 4.500000 180.899994 25
85 77 98.994949 4.500000 180.899994 25
79 84 70.000000 4.500000 180.899994 26
78 79 70.000000 4.500000 180.899994 26
85 84 70.000000 4.500000 180.899994 26
79 85 98.994949 4.500000 180.899994 26
84 78 98.994949 4.500000 180.899994 26
80 83 70.000000 4.500000 180.899994 27
79 80 70.000000 4.500000 180.899994 27
84 83 70.000000 4.500000 180.899994 27
80 84 98.994949 4.500000 180.899994 27
83 79 98.994949 4.500000 180.899994 27
81 82 70.000000 4.500000 180.899994 28
80 81 70.000000 4.500000 180.899994 28
83 82 70.000000 4.500000 180.899994 28
81 83 98.994949 4.500000 180.899994 28
82 80 98.994949 4.500000 180.899994 28
92 95 55.557026 2.500000 1090.000000 29
97 92 83.146942 2.500000 1090.000000 29
93 96 55.557026 2.500000 1090.000000 29
98 93 83.146942 2.500000 1090.000000 29
94 97 55.557026 2.500000 1090.000000 29
99 94 83.146942 2.500000 1090.000000 29
95 98 55.557026 2.500000 1090.000000 29
100 95 83.146942 2.500000 1090.000000 29
96 99 55.557026 2.500000 1090.000000 29
101 96 83.146942 2.500000 1090.000000 29
97 100 55.557026 2.500000 1090.000000 29
102 97 83.146942 2.500000 1090.000000 29
98 101 55.557026 2.500000 1090.000000 29
103 98 83.146942 2.500000 1090.000000 29
99 102 55.557026 2.500000 1090.000000 29
104 99 83.146942 2.500000 1090.000000 29
100 103 55.557026 2.500000 1090.000000 29
105 100 83.146942 2.500000 1090.000000 29
101 104 55.557026 2.500000 1090.000000 29
106 101 83.146942 2.500000 1090.000000 29
102 105 55.557026 2.500000 1090.000000 29
107 102 83.146942 2.500000 1090.000000 29
103 106 55.557026 2.500000 1090.000000 29
92 103 83.146942 2.500000 1090.000000 29
104 107 55.557026 2.500000 1090.000000 29
93 104 83.146942 2.500000 1090.000000 29
105 92 55.557026 2.500000 1090.000000 29
94 105 83.146942 2.500000 1090.000000 29
106 93 55.557026 2.500000 1090.000000 29
95 106 83.146942 2.500000 1090.000000 29
107 94 55.557026 2.500000 1090.000000 29
96 107 83.146942 2.500000 1090.000000 29
staticjoints=0
