16
0.200000
0.200000
0.200000
0.200000
0.200000
0.200000
0.200000
0.200000
0.200000
0.200000
0.200000
0.200000
0.200000
0.200000
0.200000
0.200000
16
156.455246 693.704346
133.558823 692.339478
156.669312 691.611816
115.561035 688.984070
158.559128 691.565613
-5.821459 692.059631
157.519073 692.063721
84.738106 693.585083
156.342056 694.057861
120.334396 691.911011
154.789505 619.664917
135.652985 581.129089
154.304794 588.069885
141.587173 627.530762
158.045609 688.245850
133.515839 699.325073
16
4.505771 1.110020
-4.940739 0.767527
4.990850 0.302351
-4.994386 -0.236861
4.991985 0.282995
-4.949250 0.710580
4.949085 0.711731
-4.824000 1.314924
4.449895 1.152601
-4.961206 0.621640
3.235628 -3.811917
-3.559052 -1.533576
2.430571 -4.369476
-1.391051 -0.380383
4.996978 0.173804
-4.288884 2.570111
16
109.999939 0.000031
101.626709 42.095215
77.781677 77.781769
42.095093 101.626770
-0.000061 110.000031
-42.095276 101.626770
-77.781799 77.781769
-101.626801 42.095215
-110.000061 0.000061
-101.626831 -42.095123
-77.781860 -77.781708
-42.095276 -101.626709
-0.000061 -109.999969
42.095154 -101.626709
77.781738 -77.781677
101.626709 -42.095093
shapes=1
start=0 end=16 volume=300.000000 isStatic=0 selfIntersecting=0 parentId=-1 indices=65535,65535,65535,65535 interiorEdges=0,0,0,0
staticjoints=0
0
1
0.000000
diffs=0
