20
1.000000
1.000000
1.000000
1.000000
1.000000
1.000000
1.000000
1.000000
1.000000
1.000000
1.000000
1.000000
1.000000
1.000000
1.000000
1.000000
1.000000
1.000000
1.000000
1.000000
20
968.604370 -86.336823
1033.098633 -58.519165
1097.968384 -28.476200
1161.796997 7.033973
1198.835815 61.414082
1209.377563 99.108727
1172.796997 115.395042
1124.065308 124.592720
1067.201782 145.067856
1003.594849 166.951385
982.405212 100.173332
1049.359985 76.411362
1126.709473 63.974701
1209.281006 99.090385
1265.447266 122.312286
1206.131104 97.759651
1127.370117 64.222412
1066.515747 34.035725
1004.302551 5.303662
940.599915 -22.109995
20
0.036862 -0.004919
0.034237 -0.004129
0.034896 0.003402
0.042417 -0.012094
0.035642 -0.016977
-0.002684 -0.023525
0.186515 0.016535
-0.020510 0.292606
-0.049802 -0.077424
-0.013464 -0.022958
-0.010937 -0.027686
0.047297 -0.034042
-0.045226 -0.018674
0.013448 -0.038874
0.022949 0.026563
-0.000469 0.054209
0.014675 0.068380
0.047361 -0.011034
0.035035 -0.004021
0.039476 -0.004982
20
1287.000000 -309.000000
1357.000000 -309.000000
1427.000000 -309.000000
1497.000000 -309.000000
1567.000000 -309.000000
1637.000000 -309.000000
1707.000000 -309.000000
1777.000000 -309.000000
1847.000000 -309.000000
1917.000000 -309.000000
1917.000000 -239.000000
1847.000000 -239.000000
1777.000000 -239.000000
1707.000000 -239.000000
1637.000000 -239.000000
1567.000000 -239.000000
1497.000000 -239.000000
1427.000000 -239.000000
1357.000000 -239.000000
1287.000000 -239.000000
shapes=9
start=0 end=20 volume=0.000000 isStatic=0 selfIntersecting=1 parentId=0 indices=0,1,18,19 interiorEdges=0,1,0,0
start=0 end=20 volume=0.000000 isStatic=0 selfIntersecting=1 parentId=0 indices=1,2,17,18 interiorEdges=0,1,0,1
start=0 end=20 volume=0.000000 isStatic=0 selfIntersecting=1 parentId=0 indices=2,3,16,17 interiorEdges=0,1,0,1
start=0 end=20 volume=0.000000 isStatic=0 selfIntersecting=1 parentId=0 indices=3,4,15,16 interiorEdges=0,1,0,1
start=0 end=20 volume=0.000000 isStatic=0 selfIntersecting=1 parentId=0 indices=4,5,14,15 interiorEdges=0,1,0,1
start=0 end=20 volume=0.000000 isStatic=0 selfIntersecting=1 parentId=0 indices=5,6,13,14 interiorEdges=0,1,0,1
start=0 end=20 volume=0.000000 isStatic=0 selfIntersecting=1 parentId=0 indices=6,7,12,13 interiorEdges=0,1,0,1
start=0 end=20 volume=0.000000 isStatic=0 selfIntersecting=1 parentId=0 indices=7,8,11,12 interiorEdges=0,1,0,1
start=0 end=20 volume=0.000000 isStatic=0 selfIntersecting=1 parentId=0 indices=8,9,10,11 interiorEdges=0,0,0,1
staticjoints=0
