20
1.000000
1.000000
1.000000
1.000000
1.000000
1.000000
1.000000
1.000000
1.000000
1.000000
1.000000
1.000000
1.000000
1.000000
1.000000
1.000000
1.000000
1.000000
1.000000
1.000000
20
930.407837 747.204041
919.830139 677.829041
910.217651 607.454712
904.158630 535.881165
923.472473 449.503448
937.446045 386.247986
923.585083 448.541870
904.330261 534.646118
879.597656 599.790100
853.934814 664.967102
788.911804 639.298035
814.745178 573.729187
842.596436 508.071472
890.896240 463.312622
924.452209 444.650482
945.815002 474.563232
972.688965 531.895142
979.817078 599.581299
989.147522 667.871826
999.823059 736.884583
20
-0.042205 0.005474
-0.033496 0.005535
-0.027104 0.005260
0.001304 0.007135
-0.143090 -0.024235
-0.022639 0.003838
0.011347 0.011141
0.034042 0.015539
-0.018887 0.002295
-0.029393 -0.001426
-0.025189 -0.011857
-0.015116 -0.007570
-0.005740 -0.003475
0.001020 0.004239
-0.010855 0.006480
-0.000144 0.012550
-0.011044 0.016842
-0.025922 0.016998
-0.031842 0.016608
-0.044702 0.021666
20
485.000000 253.000000
555.000000 253.000000
625.000000 253.000000
695.000000 253.000000
765.000000 253.000000
835.000000 253.000000
905.000000 253.000000
975.000000 253.000000
1045.000000 253.000000
1115.000000 253.000000
1115.000000 323.000000
1045.000000 323.000000
975.000000 323.000000
905.000000 323.000000
835.000000 323.000000
765.000000 323.000000
695.000000 323.000000
625.000000 323.000000
555.000000 323.000000
485.000000 323.000000
shapes=9
start=0 end=20 volume=0.000000 isStatic=0 selfIntersecting=1 parentId=1 disableShapeMatching=0 indices=0,1,18,19 interiorEdges=0,1,0,0
start=0 end=20 volume=0.000000 isStatic=0 selfIntersecting=1 parentId=1 disableShapeMatching=0 indices=1,2,17,18 interiorEdges=0,1,0,1
start=0 end=20 volume=0.000000 isStatic=0 selfIntersecting=1 parentId=1 disableShapeMatching=0 indices=2,3,16,17 interiorEdges=0,1,0,1
start=0 end=20 volume=0.000000 isStatic=0 selfIntersecting=1 parentId=1 disableShapeMatching=0 indices=3,4,15,16 interiorEdges=0,1,0,1
start=0 end=20 volume=0.000000 isStatic=0 selfIntersecting=1 parentId=1 disableShapeMatching=0 indices=4,5,14,15 interiorEdges=0,1,0,1
start=0 end=20 volume=0.000000 isStatic=0 selfIntersecting=1 parentId=1 disableShapeMatching=0 indices=5,6,13,14 interiorEdges=0,1,0,1
start=0 end=20 volume=0.000000 isStatic=0 selfIntersecting=1 parentId=1 disableShapeMatching=0 indices=6,7,12,13 interiorEdges=0,1,0,1
start=0 end=20 volume=0.000000 isStatic=0 selfIntersecting=1 parentId=1 disableShapeMatching=0 indices=7,8,11,12 interiorEdges=0,1,0,1
start=0 end=20 volume=0.000000 isStatic=0 selfIntersecting=1 parentId=1 disableShapeMatching=0 indices=8,9,10,11 interiorEdges=0,0,0,1
springs=46
0 19 70.000000 4.500000 180.899994 0
1 18 70.000000 4.500000 180.899994 0
0 1 70.000000 4.500000 180.899994 0
19 18 70.000000 4.500000 180.899994 0
1 19 98.994949 4.500000 180.899994 0
18 0 98.994949 4.500000 180.899994 0
2 17 70.000000 4.500000 180.899994 1
1 2 70.000000 4.500000 180.899994 1
18 17 70.000000 4.500000 180.899994 1
2 18 98.994949 4.500000 180.899994 1
17 1 98.994949 4.500000 180.899994 1
3 16 70.000000 4.500000 180.899994 2
2 3 70.000000 4.500000 180.899994 2
17 16 70.000000 4.500000 180.899994 2
3 17 98.994949 4.500000 180.899994 2
16 2 98.994949 4.500000 180.899994 2
4 15 70.000000 4.500000 180.899994 3
3 4 70.000000 4.500000 180.899994 3
16 15 70.000000 4.500000 180.899994 3
4 16 98.994949 4.500000 180.899994 3
15 3 98.994949 4.500000 180.899994 3
5 14 70.000000 4.500000 180.899994 4
4 5 70.000000 4.500000 180.899994 4
15 14 70.000000 4.500000 180.899994 4
5 15 98.994949 4.500000 180.899994 4
14 4 98.994949 4.500000 180.899994 4
6 13 70.000000 4.500000 180.899994 5
5 6 70.000000 4.500000 180.899994 5
14 13 70.000000 4.500000 180.899994 5
6 14 98.994949 4.500000 180.899994 5
13 5 98.994949 4.500000 180.899994 5
7 12 70.000000 4.500000 180.899994 6
6 7 70.000000 4.500000 180.899994 6
13 12 70.000000 4.500000 180.899994 6
7 13 98.994949 4.500000 180.899994 6
12 6 98.994949 4.500000 180.899994 6
8 11 70.000000 4.500000 180.899994 7
7 8 70.000000 4.500000 180.899994 7
12 11 70.000000 4.500000 180.899994 7
8 12 98.994949 4.500000 180.899994 7
11 7 98.994949 4.500000 180.899994 7
9 10 70.000000 4.500000 180.899994 8
8 9 70.000000 4.500000 180.899994 8
11 10 70.000000 4.500000 180.899994 8
9 11 98.994949 4.500000 180.899994 8
10 8 98.994949 4.500000 180.899994 8
staticjoints=0
