108
4.000000
4.000000
4.000000
4.000000
4.000000
4.000000
4.000000
4.000000
4.000000
4.000000
4.000000
4.000000
4.000000
4.000000
4.000000
4.000000
4.000000
4.000000
4.000000
4.000000
4.000000
4.000000
4.000000
4.000000
4.000000
4.000000
4.000000
4.000000
4.000000
4.000000
4.000000
4.000000
1.000000
1.000000
1.000000
1.000000
1.000000
1.000000
1.000000
1.000000
1.000000
1.000000
1.000000
1.000000
1.000000
1.000000
1.000000
1.000000
1.000000
1.000000
1.000000
1.000000
1.000000
1.000000
1.000000
1.000000
1.000000
1.000000
1.000000
1.000000
1.000000
1.000000
1.000000
1.000000
1.000000
1.000000
1.000000
1.000000
1.000000
1.000000
1.000000
1.000000
1.000000
1.000000
1.000000
1.000000
1.000000
1.000000
1.000000
1.000000
1.000000
1.000000
1.000000
1.000000
1.000000
1.000000
1.000000
1.000000
1.000000
1.000000
1.000000
1.000000
2.000000
2.000000
2.000000
2.000000
2.000000
2.000000
2.000000
2.000000
2.000000
2.000000
2.000000
2.000000
2.000000
2.000000
2.000000
2.000000
108
428.000000 77.000000
531.000000 -216.000000
589.000000 -516.000000
633.000000 -1031.000000
1752.000000 -1049.000000
1381.000000 -921.000000
731.000000 -915.000000
668.000000 -579.000000
941.000000 -224.000000
731.000000 85.000000
909.000000 428.000000
1441.000000 433.000000
1570.000000 -154.000000
1730.000000 -176.000000
1715.000000 579.000000
525.000000 628.000000
1164.000000 118.000000
1160.193970 137.134171
1149.355347 153.355347
1133.134155 164.193970
1114.000000 168.000000
1094.865845 164.193970
1078.644653 153.355347
1067.806030 137.134171
1064.000000 118.000000
1067.806030 98.865837
1078.644653 82.644669
1094.865845 71.806023
1114.000000 68.000000
1133.134155 71.806030
1149.355347 82.644669
1160.193970 98.865852
897.010925 186.339462
955.304626 218.930969
1013.842773 249.691193
1072.981079 273.763336
1134.152588 287.363312
1197.668823 291.028290
1263.250122 289.429321
1330.594971 287.086365
1399.789062 288.112091
1469.991455 297.255219
1455.556519 365.992676
1394.037476 359.041565
1330.123169 358.481018
1263.877808 360.166473
1195.011841 361.117523
1123.621948 357.238556
1052.300659 341.129303
984.998962 313.813873
922.498901 280.127960
861.084045 245.889832
789.181091 197.088226
836.821228 148.407639
884.135986 99.339554
927.947876 49.270031
963.252380 -3.246350
990.410522 -62.102955
1009.976013 -124.110466
1016.922424 -186.107864
1011.197021 -250.055359
998.052979 -316.816711
1066.911743 -329.968506
1080.538574 -259.428314
1087.240112 -185.197174
1067.458984 -113.395157
1030.424927 -45.038307
1025.355835 31.018398
983.661316 91.883354
936.151672 146.381653
886.606323 196.880981
837.688538 247.408844
881.858215 257.497375
942.119995 291.204834
999.924072 321.750946
1059.099121 344.470917
1120.353516 357.093384
1184.169067 361.229034
1249.900635 360.563477
1316.405640 358.962769
1384.125977 359.049652
1454.183105 365.864716
1440.897461 432.752838
1379.972900 430.562073
1315.984375 430.591766
1249.645142 431.063599
1181.086914 430.442657
1110.234741 427.341248
1039.273926 412.249207
971.636292 386.393311
908.844910 353.543396
851.167480 316.533356
1036.109619 -12.336696
1029.490601 -29.514656
1033.231934 -46.820709
1041.718994 -63.709106
1049.186279 -79.562706
1061.920898 -92.103439
1081.952026 -94.196808
1100.751221 -88.059021
1116.026245 -74.732964
1123.328491 -56.969303
1124.346191 -37.824482
1118.405762 -19.420710
1106.015747 -4.716452
1089.775269 4.843722
1069.773560 6.722028
1051.096802 0.682964
108
0.000000 0.000000
0.000000 0.000000
0.000000 0.000000
0.000000 0.000000
0.000000 0.000000
0.000000 0.000000
0.000000 0.000000
0.000000 0.000000
0.000000 0.000000
0.000000 0.000000
0.000000 0.000000
0.000000 0.000000
0.000000 0.000000
0.000000 0.000000
0.000000 0.000000
0.000000 0.000000
0.000000 0.000000
0.000000 0.000000
0.000000 0.000000
0.000000 0.000000
0.000000 0.000000
0.000000 0.000000
0.000000 0.000000
0.000000 0.000000
0.000000 0.000000
0.000000 0.000000
0.000000 0.000000
0.000000 0.000000
0.000000 0.000000
0.000000 0.000000
0.000000 0.000000
0.000000 0.000000
0.005544 -0.006826
0.004398 0.023418
-0.010189 0.030645
-0.019612 0.026474
-0.023170 0.014024
-0.023358 0.002607
-0.021006 -0.001084
-0.018753 -0.004905
-0.014659 -0.013682
-0.010080 -0.024975
0.018514 -0.014253
-0.004651 -0.016965
-0.010947 -0.006714
-0.015339 0.006810
-0.015079 0.018323
-0.013232 0.018575
-0.014762 0.028351
-0.020885 0.037154
-0.015890 0.024061
-0.002135 -0.003148
-0.002676 0.043839
-0.001557 0.036531
-0.016987 0.032364
-0.058688 0.051314
-0.341918 0.124101
-0.597716 -0.109573
-0.371924 -0.275639
-0.109600 -0.161791
0.058539 -0.055256
0.145292 -0.058102
0.160713 0.024017
0.072245 0.031390
-0.027945 0.020122
-0.944067 -0.258356
-1.952221 -0.530151
-0.206258 -0.080502
-0.024058 0.021289
-0.008478 0.025029
0.004245 0.023269
0.018831 0.032517
0.023353 0.004388
0.004425 0.033817
-0.005651 0.042414
-0.014246 0.041329
-0.013760 0.019910
-0.009164 0.000935
-0.006304 -0.002371
-0.005341 -0.010578
-0.001233 -0.021559
-0.001607 -0.030075
-0.013464 -0.017449
0.001327 -0.018149
0.002080 -0.010798
0.001493 -0.000163
0.002838 -0.011968
0.004253 0.022868
-0.004892 0.042293
-0.013318 0.040271
-0.010824 0.022897
-0.027858 0.016297
-2.000131 -0.107817
-1.719909 -0.115714
-1.830539 -0.110034
-1.740447 -0.050160
-1.718279 -0.011247
-1.970047 -0.162575
-1.920251 -0.216592
-1.877566 -0.206404
-1.875311 -0.159446
-1.940301 -0.109986
-2.030627 -0.149209
-2.032348 -0.159030
-1.988081 -0.153895
-1.940318 -0.099260
-1.958534 -0.029255
-1.999276 -0.044043
108
570.000000 233.000000
487.000000 162.000000
656.000000 -157.000000
641.000000 -536.000000
683.000000 -992.000000
1200.000000 -976.000000
641.000000 -683.000000
787.000000 -316.000000
546.000000 -35.000000
620.000000 233.000000
710.000000 493.000000
1427.000000 512.000000
1373.000000 599.000000
1545.000000 183.000000
620.000000 283.000000
570.000000 283.000000
1259.000000 47.000000
1255.193970 66.134171
1244.355347 82.355339
1228.134155 93.193977
1209.000000 97.000000
1189.865845 93.193977
1173.644653 82.355339
1162.806030 66.134171
1159.000000 47.000008
1162.806030 27.865839
1173.644653 11.644670
1189.865845 0.806025
1209.000000 -3.000000
1228.134155 0.806028
1244.355347 11.644673
1255.193970 27.865850
1287.000000 -309.000000
1357.000000 -309.000000
1427.000000 -309.000000
1497.000000 -309.000000
1567.000000 -309.000000
1637.000000 -309.000000
1707.000000 -309.000000
1777.000000 -309.000000
1847.000000 -309.000000
1917.000000 -309.000000
1917.000000 -239.000000
1847.000000 -239.000000
1777.000000 -239.000000
1707.000000 -239.000000
1637.000000 -239.000000
1567.000000 -239.000000
1497.000000 -239.000000
1427.000000 -239.000000
1357.000000 -239.000000
1287.000000 -239.000000
1245.000000 -374.000000
1315.000000 -374.000000
1385.000000 -374.000000
1455.000000 -374.000000
1525.000000 -374.000000
1595.000000 -374.000000
1665.000000 -374.000000
1735.000000 -374.000000
1805.000000 -374.000000
1875.000000 -374.000000
1875.000000 -304.000000
1805.000000 -304.000000
1735.000000 -304.000000
1665.000000 -304.000000
1595.000000 -304.000000
1525.000000 -304.000000
1455.000000 -304.000000
1385.000000 -304.000000
1315.000000 -304.000000
1245.000000 -304.000000
1331.000000 -278.000000
1401.000000 -278.000000
1471.000000 -278.000000
1541.000000 -278.000000
1611.000000 -278.000000
1681.000000 -278.000000
1751.000000 -278.000000
1821.000000 -278.000000
1891.000000 -278.000000
1961.000000 -278.000000
1961.000000 -208.000000
1891.000000 -208.000000
1821.000000 -208.000000
1751.000000 -208.000000
1681.000000 -208.000000
1611.000000 -208.000000
1541.000000 -208.000000
1471.000000 -208.000000
1401.000000 -208.000000
1331.000000 -208.000000
1351.000000 -255.000000
1347.193970 -235.865829
1336.355347 -219.644669
1320.134155 -208.806030
1301.000000 -205.000000
1281.865845 -208.806030
1265.644653 -219.644669
1254.806030 -235.865829
1251.000000 -255.000000
1254.806030 -274.134155
1265.644653 -290.355316
1281.865845 -301.193970
1301.000000 -305.000000
1320.134155 -301.193970
1336.355347 -290.355316
1347.193970 -274.134155
shapes=30
start=0 end=16 texture=0 resourceId=0 stiffness=1.000000 damping=1.000000 volume=0.000000 isStatic=1 selfIntersecting=0 parentId=-1 indices=65535,65535,65535,65535 interiorEdges=0,0,0,0
start=16 end=32 texture=0 resourceId=0 stiffness=1.000000 damping=1.000000 volume=300.000000 isStatic=1 selfIntersecting=0 parentId=-1 indices=65535,65535,65535,65535 interiorEdges=0,0,0,0
start=32 end=52 texture=0 resourceId=0 stiffness=1.000000 damping=1.000000 volume=0.000000 isStatic=0 selfIntersecting=1 parentId=0 indices=0,1,18,19 interiorEdges=0,1,0,0
start=32 end=52 texture=0 resourceId=0 stiffness=1.000000 damping=1.000000 volume=0.000000 isStatic=0 selfIntersecting=1 parentId=0 indices=1,2,17,18 interiorEdges=0,1,0,1
start=32 end=52 texture=0 resourceId=0 stiffness=1.000000 damping=1.000000 volume=0.000000 isStatic=0 selfIntersecting=1 parentId=0 indices=2,3,16,17 interiorEdges=0,1,0,1
start=32 end=52 texture=0 resourceId=0 stiffness=1.000000 damping=1.000000 volume=0.000000 isStatic=0 selfIntersecting=1 parentId=0 indices=3,4,15,16 interiorEdges=0,1,0,1
start=32 end=52 texture=0 resourceId=0 stiffness=1.000000 damping=1.000000 volume=0.000000 isStatic=0 selfIntersecting=1 parentId=0 indices=4,5,14,15 interiorEdges=0,1,0,1
start=32 end=52 texture=0 resourceId=0 stiffness=1.000000 damping=1.000000 volume=0.000000 isStatic=0 selfIntersecting=1 parentId=0 indices=5,6,13,14 interiorEdges=0,1,0,1
start=32 end=52 texture=0 resourceId=0 stiffness=1.000000 damping=1.000000 volume=0.000000 isStatic=0 selfIntersecting=1 parentId=0 indices=6,7,12,13 interiorEdges=0,1,0,1
start=32 end=52 texture=0 resourceId=0 stiffness=1.000000 damping=1.000000 volume=0.000000 isStatic=0 selfIntersecting=1 parentId=0 indices=7,8,11,12 interiorEdges=0,1,0,1
start=32 end=52 texture=0 resourceId=0 stiffness=1.000000 damping=1.000000 volume=0.000000 isStatic=0 selfIntersecting=1 parentId=0 indices=8,9,10,11 interiorEdges=0,0,0,1
start=52 end=72 texture=0 resourceId=0 stiffness=1.000000 damping=1.000000 volume=0.000000 isStatic=0 selfIntersecting=1 parentId=1 indices=0,1,18,19 interiorEdges=0,1,0,0
start=52 end=72 texture=0 resourceId=0 stiffness=1.000000 damping=1.000000 volume=0.000000 isStatic=0 selfIntersecting=1 parentId=1 indices=1,2,17,18 interiorEdges=0,1,0,1
start=52 end=72 texture=0 resourceId=0 stiffness=1.000000 damping=1.000000 volume=0.000000 isStatic=0 selfIntersecting=1 parentId=1 indices=2,3,16,17 interiorEdges=0,1,0,1
start=52 end=72 texture=0 resourceId=0 stiffness=1.000000 damping=1.000000 volume=0.000000 isStatic=0 selfIntersecting=1 parentId=1 indices=3,4,15,16 interiorEdges=0,1,0,1
start=52 end=72 texture=0 resourceId=0 stiffness=1.000000 damping=1.000000 volume=0.000000 isStatic=0 selfIntersecting=1 parentId=1 indices=4,5,14,15 interiorEdges=0,1,0,1
start=52 end=72 texture=0 resourceId=0 stiffness=1.000000 damping=1.000000 volume=0.000000 isStatic=0 selfIntersecting=1 parentId=1 indices=5,6,13,14 interiorEdges=0,1,0,1
start=52 end=72 texture=0 resourceId=0 stiffness=1.000000 damping=1.000000 volume=0.000000 isStatic=0 selfIntersecting=1 parentId=1 indices=6,7,12,13 interiorEdges=0,1,0,1
start=52 end=72 texture=0 resourceId=0 stiffness=1.000000 damping=1.000000 volume=0.000000 isStatic=0 selfIntersecting=1 parentId=1 indices=7,8,11,12 interiorEdges=0,1,0,1
start=52 end=72 texture=0 resourceId=0 stiffness=1.000000 damping=1.000000 volume=0.000000 isStatic=0 selfIntersecting=1 parentId=1 indices=8,9,10,11 interiorEdges=0,0,0,1
start=72 end=92 texture=0 resourceId=0 stiffness=1.000000 damping=1.000000 volume=0.000000 isStatic=0 selfIntersecting=1 parentId=2 indices=0,1,18,19 interiorEdges=0,1,0,0
start=72 end=92 texture=0 resourceId=0 stiffness=1.000000 damping=1.000000 volume=0.000000 isStatic=0 selfIntersecting=1 parentId=2 indices=1,2,17,18 interiorEdges=0,1,0,1
start=72 end=92 texture=0 resourceId=0 stiffness=1.000000 damping=1.000000 volume=0.000000 isStatic=0 selfIntersecting=1 parentId=2 indices=2,3,16,17 interiorEdges=0,1,0,1
start=72 end=92 texture=0 resourceId=0 stiffness=1.000000 damping=1.000000 volume=0.000000 isStatic=0 selfIntersecting=1 parentId=2 indices=3,4,15,16 interiorEdges=0,1,0,1
start=72 end=92 texture=0 resourceId=0 stiffness=1.000000 damping=1.000000 volume=0.000000 isStatic=0 selfIntersecting=1 parentId=2 indices=4,5,14,15 interiorEdges=0,1,0,1
start=72 end=92 texture=0 resourceId=0 stiffness=1.000000 damping=1.000000 volume=0.000000 isStatic=0 selfIntersecting=1 parentId=2 indices=5,6,13,14 interiorEdges=0,1,0,1
start=72 end=92 texture=0 resourceId=0 stiffness=1.000000 damping=1.000000 volume=0.000000 isStatic=0 selfIntersecting=1 parentId=2 indices=6,7,12,13 interiorEdges=0,1,0,1
start=72 end=92 texture=0 resourceId=0 stiffness=1.000000 damping=1.000000 volume=0.000000 isStatic=0 selfIntersecting=1 parentId=2 indices=7,8,11,12 interiorEdges=0,1,0,1
start=72 end=92 texture=0 resourceId=0 stiffness=1.000000 damping=1.000000 volume=0.000000 isStatic=0 selfIntersecting=1 parentId=2 indices=8,9,10,11 interiorEdges=0,0,0,1
start=92 end=108 texture=0 resourceId=0 stiffness=1.000000 damping=1.000000 volume=300.000000 isStatic=0 selfIntersecting=0 parentId=-1 indices=65535,65535,65535,65535 interiorEdges=0,0,0,0
staticjoints=0
