16
6.250000
6.250000
6.250000
6.250000
6.250000
6.250000
6.250000
6.250000
6.250000
6.250000
6.250000
6.250000
6.250000
6.250000
6.250000
6.250000
16
813.217468 -9.704035
799.103271 -0.146331
782.829651 2.489007
766.786499 -1.303475
753.505005 -11.842995
744.754395 -24.973278
742.118835 -41.246326
745.912048 -57.289371
755.643799 -71.555672
769.581482 -79.321976
785.854980 -81.957169
801.897644 -78.164429
815.356262 -69.416740
823.929993 -54.495140
826.565369 -38.221573
822.772339 -22.178719
16
-2.361619 1.971706
-2.884934 1.096004
-3.027896 0.088854
-2.774600 -0.896343
-2.157677 -1.709599
-1.287742 -2.227051
-0.280637 -2.370035
0.704545 -2.116680
1.523646 -1.505675
2.035301 -0.629854
2.178254 0.377280
1.924917 1.362444
1.319711 2.175648
0.438146 2.693180
-0.569039 2.836147
-1.554187 2.582803
16
445.000000 460.000000
443.096985 469.567078
437.677673 477.677673
429.567078 483.096985
420.000000 485.000000
410.432922 483.096985
402.322327 477.677673
396.903015 469.567078
395.000000 460.000000
396.903015 450.432922
402.322327 442.322327
410.432922 436.903015
420.000000 435.000000
429.567078 436.903015
437.677673 442.322327
443.096985 450.432922
shapes=1
start=0 end=16 texture=0 resourceId=0 stiffness=6.250000 damping=1.000000 volume=300.000000 isStatic=0 selfIntersecting=0 parentId=0 indices=65535,65535,65535,65535 interiorEdges=0,0,0,0
staticjoints=0
