58
1.000000
1.000000
1.000000
1.000000
1.000000
1.000000
1.000000
1.000000
1.000000
1.000000
1.000000
1.000000
1.000000
1.000000
1.000000
1.000000
1.000000
1.000000
1.000000
1.000000
1.000000
1.000000
1.000000
1.000000
1.000000
1.000000
0.250000
0.250000
0.250000
0.250000
0.250000
0.250000
0.250000
0.250000
0.250000
0.250000
0.250000
0.250000
0.250000
0.250000
0.250000
0.250000
0.250000
0.250000
0.250000
0.250000
0.250000
0.250000
0.250000
0.250000
0.250000
0.250000
0.250000
0.250000
0.250000
0.250000
0.250000
0.250000
58
200.000000 340.000000
276.644714 340.837891
353.725800 342.865417
431.572906 353.548004
506.848846 362.706787
580.287415 365.507477
654.686096 365.528351
729.600952 363.143555
804.804443 359.148773
880.249084 354.116852
956.033447 348.634796
1032.431152 343.552979
1110.000000 340.000000
1110.000000 410.000000
1035.749390 412.778320
960.599304 417.800385
884.904846 423.276855
808.823914 428.347809
732.391113 432.400940
655.544189 434.830780
578.120422 434.797729
499.808533 429.981964
424.592316 411.951202
350.055420 412.045135
275.312378 410.132080
200.000000 410.000000
477.708466 325.148499
490.146332 335.014526
489.699036 350.984894
493.326538 360.976715
487.107269 360.207855
475.342438 358.866302
431.386139 353.425446
424.373444 412.097351
416.873505 412.059753
424.378693 412.053375
431.935028 348.833252
413.652802 336.805084
421.372528 318.903076
434.268768 312.994507
449.709656 310.504211
464.926331 315.590027
21295.509766 87391.585938
21299.007812 87406.796875
21296.416016 87422.187500
21288.132812 87435.414062
21275.419922 87444.468750
21260.210938 87447.968750
21244.818359 87445.382812
21231.589844 87437.093750
21222.539062 87424.390625
21219.039062 87409.179688
21221.632812 87393.781250
21229.914062 87380.554688
21242.628906 87371.500000
21257.837891 87368.000000
21273.230469 87370.593750
21286.458984 87378.875000
58
0.000000 0.000000
-0.000004 -0.000009
-0.000044 -0.000065
-0.000031 0.006149
0.000757 -0.005977
-0.000011 -0.000012
-0.000016 -0.000004
0.000008 0.000004
0.000003 0.000007
0.000005 0.000007
0.000002 -0.000004
0.000019 0.000003
0.000000 0.000000
0.000000 0.000000
-0.000019 0.000002
-0.000012 -0.000003
-0.000012 0.000009
-0.000008 0.000006
-0.000007 0.000006
0.000011 -0.000000
0.000014 0.000008
-0.000044 -0.000012
0.000471 -0.004816
0.000017 0.000023
-0.000007 0.000004
0.000000 0.000000
0.000092 -0.000548
-0.002318 -0.002139
-0.001132 0.001443
-0.003805 0.018281
-0.005766 0.042426
-0.015134 0.114866
0.022054 0.002909
-0.080710 -0.094381
0.006134 -0.071561
-0.013804 0.004034
-0.040660 0.008977
0.003517 0.006365
-0.000435 -0.001733
-0.001570 0.004372
-0.000049 -0.004870
-0.001246 -0.001359
1.204391 6.323752
1.204431 6.323732
1.204433 6.323744
1.204466 6.323761
1.204450 6.323748
1.204438 6.323764
1.204455 6.323698
1.204452 6.323775
1.204454 6.323715
1.204427 6.323724
1.204409 6.323777
1.204390 6.323724
1.204397 6.323756
1.204404 6.323747
1.204396 6.323753
1.204391 6.323744
58
200.000000 340.000000
270.000000 340.000000
340.000000 340.000000
410.000000 340.000000
480.000000 340.000000
550.000000 340.000000
620.000000 340.000000
690.000000 340.000000
760.000000 340.000000
830.000000 340.000000
900.000000 340.000000
970.000000 340.000000
1040.000000 340.000000
1040.000000 410.000000
970.000000 410.000000
900.000000 410.000000
830.000000 410.000000
760.000000 410.000000
690.000000 410.000000
620.000000 410.000000
550.000000 410.000000
480.000000 410.000000
410.000000 410.000000
340.000000 410.000000
270.000000 410.000000
200.000000 410.000000
590.000000 50.000000
586.955200 65.307335
578.284241 78.284271
565.307312 86.955177
550.000000 90.000000
534.692688 86.955177
521.715759 78.284271
513.044800 65.307343
510.000000 50.000008
513.044800 34.692673
521.715698 21.715736
534.692627 13.044820
550.000000 10.000000
565.307373 13.044823
578.284302 21.715738
586.955200 34.692680
755.000000 50.000000
751.955200 65.307335
743.284241 78.284271
730.307312 86.955177
715.000000 90.000000
699.692688 86.955177
686.715759 78.284271
678.044800 65.307343
675.000000 50.000008
678.044800 34.692673
686.715698 21.715736
699.692627 13.044820
715.000000 10.000000
730.307373 13.044823
743.284302 21.715738
751.955200 34.692680
shapes=14
start=0 end=26 volume=0.000000 isStatic=0 selfIntersecting=1 parentId=0 disableShapeMatching=0 indices=0,1,24,25 interiorEdges=0,1,0,0
start=0 end=26 volume=0.000000 isStatic=0 selfIntersecting=1 parentId=0 disableShapeMatching=0 indices=1,2,23,24 interiorEdges=0,1,0,1
start=0 end=26 volume=0.000000 isStatic=0 selfIntersecting=1 parentId=0 disableShapeMatching=0 indices=2,3,22,23 interiorEdges=0,1,0,1
start=0 end=26 volume=0.000000 isStatic=0 selfIntersecting=1 parentId=0 disableShapeMatching=0 indices=3,4,21,22 interiorEdges=0,1,0,1
start=0 end=26 volume=0.000000 isStatic=0 selfIntersecting=1 parentId=0 disableShapeMatching=0 indices=4,5,20,21 interiorEdges=0,1,0,1
start=0 end=26 volume=0.000000 isStatic=0 selfIntersecting=1 parentId=0 disableShapeMatching=0 indices=5,6,19,20 interiorEdges=0,1,0,1
start=0 end=26 volume=0.000000 isStatic=0 selfIntersecting=1 parentId=0 disableShapeMatching=0 indices=6,7,18,19 interiorEdges=0,1,0,1
start=0 end=26 volume=0.000000 isStatic=0 selfIntersecting=1 parentId=0 disableShapeMatching=0 indices=7,8,17,18 interiorEdges=0,1,0,1
start=0 end=26 volume=0.000000 isStatic=0 selfIntersecting=1 parentId=0 disableShapeMatching=0 indices=8,9,16,17 interiorEdges=0,1,0,1
start=0 end=26 volume=0.000000 isStatic=0 selfIntersecting=1 parentId=0 disableShapeMatching=0 indices=9,10,15,16 interiorEdges=0,1,0,1
start=0 end=26 volume=0.000000 isStatic=0 selfIntersecting=1 parentId=0 disableShapeMatching=0 indices=10,11,14,15 interiorEdges=0,1,0,1
start=0 end=26 volume=0.000000 isStatic=0 selfIntersecting=1 parentId=0 disableShapeMatching=0 indices=11,12,13,14 interiorEdges=0,0,0,1
start=26 end=42 volume=300.000000 isStatic=0 selfIntersecting=0 parentId=-1 disableShapeMatching=0 indices=65535,65535,65535,65535 interiorEdges=0,0,0,0
start=42 end=58 volume=300.000000 isStatic=0 selfIntersecting=0 parentId=-1 disableShapeMatching=0 indices=65535,65535,65535,65535 interiorEdges=0,0,0,0
springs=125
0 25 70.000000 4.500000 180.899994 0
1 24 70.000000 4.500000 180.899994 0
0 1 70.000000 4.500000 180.899994 0
25 24 70.000000 4.500000 180.899994 0
1 25 98.994949 4.500000 180.899994 0
24 0 98.994949 4.500000 180.899994 0
2 23 70.000000 4.500000 180.899994 1
1 2 70.000000 4.500000 180.899994 1
24 23 70.000000 4.500000 180.899994 1
2 24 98.994949 4.500000 180.899994 1
23 1 98.994949 4.500000 180.899994 1
3 22 70.000000 4.500000 180.899994 2
2 3 70.000000 4.500000 180.899994 2
23 22 70.000000 4.500000 180.899994 2
3 23 98.994949 4.500000 180.899994 2
22 2 98.994949 4.500000 180.899994 2
4 21 70.000000 4.500000 180.899994 3
3 4 70.000000 4.500000 180.899994 3
22 21 70.000000 4.500000 180.899994 3
4 22 98.994949 4.500000 180.899994 3
21 3 98.994949 4.500000 180.899994 3
5 20 70.000000 4.500000 180.899994 4
4 5 70.000000 4.500000 180.899994 4
21 20 70.000000 4.500000 180.899994 4
5 21 98.994949 4.500000 180.899994 4
20 4 98.994949 4.500000 180.899994 4
6 19 70.000000 4.500000 180.899994 5
5 6 70.000000 4.500000 180.899994 5
20 19 70.000000 4.500000 180.899994 5
6 20 98.994949 4.500000 180.899994 5
19 5 98.994949 4.500000 180.899994 5
7 18 70.000000 4.500000 180.899994 6
6 7 70.000000 4.500000 180.899994 6
19 18 70.000000 4.500000 180.899994 6
7 19 98.994949 4.500000 180.899994 6
18 6 98.994949 4.500000 180.899994 6
8 17 70.000000 4.500000 180.899994 7
7 8 70.000000 4.500000 180.899994 7
18 17 70.000000 4.500000 180.899994 7
8 18 98.994949 4.500000 180.899994 7
17 7 98.994949 4.500000 180.899994 7
9 16 70.000000 4.500000 180.899994 8
8 9 70.000000 4.500000 180.899994 8
17 16 70.000000 4.500000 180.899994 8
9 17 98.994949 4.500000 180.899994 8
16 8 98.994949 4.500000 180.899994 8
10 15 70.000000 4.500000 180.899994 9
9 10 70.000000 4.500000 180.899994 9
16 15 70.000000 4.500000 180.899994 9
10 16 98.994949 4.500000 180.899994 9
15 9 98.994949 4.500000 180.899994 9
11 14 70.000000 4.500000 180.899994 10
10 11 70.000000 4.500000 180.899994 10
15 14 70.000000 4.500000 180.899994 10
11 15 98.994949 4.500000 180.899994 10
14 10 98.994949 4.500000 180.899994 10
12 13 70.000000 4.500000 180.899994 11
11 12 70.000000 4.500000 180.899994 11
14 13 70.000000 4.500000 180.899994 11
12 14 98.994949 4.500000 180.899994 11
13 11 98.994949 4.500000 180.899994 11
26 29 44.445629 2.500000 1090.000000 12
31 26 66.517548 2.500000 1090.000000 12
27 30 44.445629 2.500000 1090.000000 12
32 27 66.517548 2.500000 1090.000000 12
28 31 44.445629 2.500000 1090.000000 12
33 28 66.517548 2.500000 1090.000000 12
29 32 44.445629 2.500000 1090.000000 12
34 29 66.517548 2.500000 1090.000000 12
30 33 44.445629 2.500000 1090.000000 12
35 30 66.517548 2.500000 1090.000000 12
31 34 44.445629 2.500000 1090.000000 12
36 31 66.517548 2.500000 1090.000000 12
32 35 44.445629 2.500000 1090.000000 12
37 32 66.517548 2.500000 1090.000000 12
33 36 44.445629 2.500000 1090.000000 12
38 33 66.517548 2.500000 1090.000000 12
34 37 44.445629 2.500000 1090.000000 12
39 34 66.517548 2.500000 1090.000000 12
35 38 44.445629 2.500000 1090.000000 12
40 35 66.517548 2.500000 1090.000000 12
36 39 44.445629 2.500000 1090.000000 12
41 36 66.517548 2.500000 1090.000000 12
37 40 44.445629 2.500000 1090.000000 12
26 37 66.517548 2.500000 1090.000000 12
38 41 44.445629 2.500000 1090.000000 12
27 38 66.517548 2.500000 1090.000000 12
39 26 44.445629 2.500000 1090.000000 12
28 39 66.517548 2.500000 1090.000000 12
40 27 44.445629 2.500000 1090.000000 12
29 40 66.517548 2.500000 1090.000000 12
41 28 44.445629 2.500000 1090.000000 12
30 41 66.517548 2.500000 1090.000000 12
42 45 44.445629 2.500000 1090.000000 13
47 42 66.517548 2.500000 1090.000000 13
43 46 44.445629 2.500000 1090.000000 13
48 43 66.517548 2.500000 1090.000000 13
44 47 44.445629 2.500000 1090.000000 13
49 44 66.517548 2.500000 1090.000000 13
45 48 44.445629 2.500000 1090.000000 13
50 45 66.517548 2.500000 1090.000000 13
46 49 44.445629 2.500000 1090.000000 13
51 46 66.517548 2.500000 1090.000000 13
47 50 44.445629 2.500000 1090.000000 13
52 47 66.517548 2.500000 1090.000000 13
48 51 44.445629 2.500000 1090.000000 13
53 48 66.517548 2.500000 1090.000000 13
49 52 44.445629 2.500000 1090.000000 13
54 49 66.517548 2.500000 1090.000000 13
50 53 44.445629 2.500000 1090.000000 13
55 50 66.517548 2.500000 1090.000000 13
51 54 44.445629 2.500000 1090.000000 13
56 51 66.517548 2.500000 1090.000000 13
52 55 44.445629 2.500000 1090.000000 13
57 52 66.517548 2.500000 1090.000000 13
53 56 44.445629 2.500000 1090.000000 13
42 53 66.517548 2.500000 1090.000000 13
54 57 44.445629 2.500000 1090.000000 13
43 54 66.517548 2.500000 1090.000000 13
55 42 44.445629 2.500000 1090.000000 13
44 55 66.517548 2.500000 1090.000000 13
56 43 44.445629 2.500000 1090.000000 13
45 56 66.517548 2.500000 1090.000000 13
57 44 44.445629 2.500000 1090.000000 13
46 57 66.517548 2.500000 1090.000000 13
staticjoints=4
0 200.000000 340.000000
12 1110.000000 340.000000
13 1110.000000 410.000000
25 200.000000 410.000000
