20
0.250000
0.250000
0.250000
0.250000
0.250000
0.250000
0.250000
0.250000
1.000000
1.000000
1.000000
1.000000
1.000000
1.000000
1.000000
1.000000
1.000000
1.000000
1.000000
1.000000
20
173.325989 629.318298
204.007355 628.807373
204.278061 651.065857
173.741272 656.163940
173.659393 652.973450
205.617950 654.517151
207.728333 678.347595
176.087921 678.865784
-36.000000 0.000000
4.000000 0.000000
4.000000 755.000000
-36.000000 755.000000
1214.000000 0.000000
1254.000000 0.000000
1254.000000 755.000000
1214.000000 755.000000
1.000000 755.000000
1218.000000 755.000000
1218.000000 835.000000
1.000000 835.000000
20
-0.083403 0.447535
0.004119 0.381103
0.061669 0.326759
0.005404 0.405145
0.024593 0.239132
-0.012240 0.293445
-0.014062 0.147962
-0.001671 0.130949
0.000000 0.000000
0.000000 0.000000
0.000000 0.000000
0.000000 0.000000
0.000000 0.000000
0.000000 0.000000
0.000000 0.000000
0.000000 0.000000
0.000000 0.000000
0.000000 0.000000
0.000000 0.000000
0.000000 0.000000
20
-15.000000 -15.000000
15.000000 -15.000000
15.000000 15.000000
-15.000000 15.000000
-15.000000 -15.000000
15.000000 -15.000000
15.000000 15.000000
-15.000000 15.000000
-20.000000 -377.500000
20.000000 -377.500000
20.000000 377.500000
-20.000000 377.500000
-20.000000 -377.500000
20.000000 -377.500000
20.000000 377.500000
-20.000000 377.500000
-608.500000 -40.000000
608.500000 -40.000000
608.500000 40.000000
-608.500000 40.000000
shapes=5
start=0 end=4 volume=0.000000 isStatic=0 parentIndex=-1 disableShapeMatching=0 indices=65535,65535,65535,65535
start=4 end=8 volume=0.000000 isStatic=0 parentIndex=-1 disableShapeMatching=0 indices=65535,65535,65535,65535
start=8 end=12 volume=0.000000 isStatic=1 parentIndex=-1 disableShapeMatching=0 indices=65535,65535,65535,65535
start=12 end=16 volume=0.000000 isStatic=1 parentIndex=-1 disableShapeMatching=0 indices=65535,65535,65535,65535
start=16 end=20 volume=0.000000 isStatic=1 parentIndex=-1 disableShapeMatching=0 indices=65535,65535,65535,65535
springs=12
0 1 30.000000 5.000000 7.225000 0
1 2 30.000000 5.000000 7.225000 0
2 3 30.000000 5.000000 7.225000 0
3 0 30.000000 5.000000 7.225000 0
0 2 42.426407 5.000000 7.225000 0
1 3 42.426407 5.000000 7.225000 0
4 5 30.000000 5.000000 7.225000 1
5 6 30.000000 5.000000 7.225000 1
6 7 30.000000 5.000000 7.225000 1
7 4 30.000000 5.000000 7.225000 1
4 6 42.426407 5.000000 7.225000 1
5 7 42.426407 5.000000 7.225000 1
staticjoints=0
