32
0.250000
0.250000
0.250000
0.250000
0.250000
0.250000
0.250000
0.250000
0.250000
0.250000
0.250000
0.250000
0.250000
0.250000
0.250000
0.250000
0.250000
0.250000
0.250000
0.250000
0.250000
0.250000
0.250000
0.250000
0.250000
0.250000
0.250000
0.250000
0.250000
0.250000
0.250000
0.250000
32
960.171753 663.891724
500.039093 596.859558
485.724060 612.993958
515.096191 589.007202
484.103546 606.555969
505.414825 605.503479
497.086426 584.369385
474.511047 590.927856
495.465698 597.589905
476.291626 583.799255
490.162170 605.626770
505.275330 593.137024
494.249756 579.663757
509.154022 609.897766
500.182495 583.377930
501.870209 595.097473
447.087433 663.419800
446.146393 567.728638
446.559296 673.092285
446.487701 576.063416
446.581085 678.164856
446.355316 575.745300
446.846100 673.488342
446.780762 566.868347
446.760681 662.568542
446.674286 556.398438
446.668793 650.299377
447.026367 545.860901
446.994385 647.454407
447.020905 547.123474
447.288757 652.563782
448.663788 558.933289
32
-0.027608 -0.002930
0.918068 0.065264
0.964213 0.086167
0.977297 0.119727
0.945066 0.104314
0.973616 0.142251
0.998715 0.017637
0.997111 0.075964
0.975195 0.124153
0.996478 0.083856
0.958727 0.121075
0.975089 0.080369
0.979860 0.029803
0.966018 0.151638
0.990500 0.055699
0.923127 0.058664
0.004411 0.999990
-0.008918 -0.999960
-0.005144 0.999987
-0.006175 -0.999981
-0.004160 0.999991
-0.004911 -0.999988
0.002764 0.999996
0.000500 -1.000000
0.001061 0.999999
-0.002848 -0.999996
-0.005015 0.999987
0.004325 -0.999991
0.000027 1.000000
0.002257 -0.999997
0.008417 0.999965
0.019223 -0.999815
32
14.999996 0.000000
13.858189 5.740234
10.606598 10.606628
5.740246 13.858215
-0.000004 15.000000
-5.740257 13.858215
-10.606606 10.606628
-13.858196 5.740234
-15.000004 0.000000
-13.858198 -5.740234
-10.606609 -10.606628
-5.740257 -13.858215
-0.000004 -15.000000
5.740250 -13.858215
10.606602 -10.606628
13.858192 -5.740234
15.000000 0.000000
13.858185 5.740234
10.606598 10.606628
5.740265 13.858215
0.000000 15.000000
-5.740265 13.858215
-10.606598 10.606628
-13.858185 5.740234
-15.000000 0.000000
-13.858185 -5.740234
-10.606598 -10.606628
-5.740265 -13.858215
0.000000 -15.000000
5.740265 -13.858215
10.606598 -10.606628
13.858185 -5.740234
shapes=2
start=0 end=16 volume=300.000000 isStatic=0 selfIntersecting=0 parentId=-1 indices=65535,65535,65535,65535 interiorEdges=0,0,0,0
start=16 end=32 volume=300.000000 isStatic=0 selfIntersecting=0 parentId=-1 indices=65535,65535,65535,65535 interiorEdges=0,0,0,0
diffs=0
