20
1.000000
1.000000
1.000000
1.000000
1.000000
1.000000
1.000000
1.000000
1.000000
1.000000
1.000000
1.000000
1.000000
1.000000
1.000000
1.000000
1.000000
1.000000
1.000000
1.000000
20
1476.657227 -241.673401
1500.666992 -173.503571
1517.178833 -100.024887
1517.602051 -22.364119
1466.511963 40.555912
1417.507812 5.588153
1381.297241 50.978207
1327.758057 85.647125
1279.239258 129.715652
1231.343140 178.436874
1181.619751 128.889572
1230.792969 78.642815
1284.205933 30.621614
1341.879150 -11.317581
1425.065063 -35.947147
1469.873169 60.750084
1454.832397 -29.614672
1447.762695 -91.999397
1433.366089 -154.913773
1410.517090 -218.631439
20
0.119887 -0.007911
0.080375 0.005863
0.055552 0.005626
0.043634 0.014893
0.014380 0.000455
0.003618 0.050615
-0.029486 0.028069
-0.007717 0.028314
-0.039284 0.004881
-0.042050 -0.004582
-0.039999 -0.004475
-0.022497 -0.007647
0.011854 0.021660
-0.012321 -0.032539
0.006587 -0.040152
0.000202 -0.005884
-0.014895 0.006164
0.047434 -0.011018
0.073190 -0.026767
0.107366 -0.043866
20
1245.000000 -374.000000
1315.000000 -374.000000
1385.000000 -374.000000
1455.000000 -374.000000
1525.000000 -374.000000
1595.000000 -374.000000
1665.000000 -374.000000
1735.000000 -374.000000
1805.000000 -374.000000
1875.000000 -374.000000
1875.000000 -304.000000
1805.000000 -304.000000
1735.000000 -304.000000
1665.000000 -304.000000
1595.000000 -304.000000
1525.000000 -304.000000
1455.000000 -304.000000
1385.000000 -304.000000
1315.000000 -304.000000
1245.000000 -304.000000
shapes=9
start=0 end=20 volume=0.000000 isStatic=0 parentId=1 disableShapeMatching=0 indices=0,1,18,19
start=0 end=20 volume=0.000000 isStatic=0 parentId=1 disableShapeMatching=0 indices=1,2,17,18
start=0 end=20 volume=0.000000 isStatic=0 parentId=1 disableShapeMatching=0 indices=2,3,16,17
start=0 end=20 volume=0.000000 isStatic=0 parentId=1 disableShapeMatching=0 indices=3,4,15,16
start=0 end=20 volume=0.000000 isStatic=0 parentId=1 disableShapeMatching=0 indices=4,5,14,15
start=0 end=20 volume=0.000000 isStatic=0 parentId=1 disableShapeMatching=0 indices=5,6,13,14
start=0 end=20 volume=0.000000 isStatic=0 parentId=1 disableShapeMatching=0 indices=6,7,12,13
start=0 end=20 volume=0.000000 isStatic=0 parentId=1 disableShapeMatching=0 indices=7,8,11,12
start=0 end=20 volume=0.000000 isStatic=0 parentId=1 disableShapeMatching=0 indices=8,9,10,11
springs=46
0 19 70.000000 4.500000 180.899994 0
1 18 70.000000 4.500000 180.899994 0
0 1 70.000000 4.500000 180.899994 0
19 18 70.000000 4.500000 180.899994 0
1 19 98.994949 4.500000 180.899994 0
18 0 98.994949 4.500000 180.899994 0
2 17 70.000000 4.500000 180.899994 1
1 2 70.000000 4.500000 180.899994 1
18 17 70.000000 4.500000 180.899994 1
2 18 98.994949 4.500000 180.899994 1
17 1 98.994949 4.500000 180.899994 1
3 16 70.000000 4.500000 180.899994 2
2 3 70.000000 4.500000 180.899994 2
17 16 70.000000 4.500000 180.899994 2
3 17 98.994949 4.500000 180.899994 2
16 2 98.994949 4.500000 180.899994 2
4 15 70.000000 4.500000 180.899994 3
3 4 70.000000 4.500000 180.899994 3
16 15 70.000000 4.500000 180.899994 3
4 16 98.994949 4.500000 180.899994 3
15 3 98.994949 4.500000 180.899994 3
5 14 70.000000 4.500000 180.899994 4
4 5 70.000000 4.500000 180.899994 4
15 14 70.000000 4.500000 180.899994 4
5 15 98.994949 4.500000 180.899994 4
14 4 98.994949 4.500000 180.899994 4
6 13 70.000000 4.500000 180.899994 5
5 6 70.000000 4.500000 180.899994 5
14 13 70.000000 4.500000 180.899994 5
6 14 98.994949 4.500000 180.899994 5
13 5 98.994949 4.500000 180.899994 5
7 12 70.000000 4.500000 180.899994 6
6 7 70.000000 4.500000 180.899994 6
13 12 70.000000 4.500000 180.899994 6
7 13 98.994949 4.500000 180.899994 6
12 6 98.994949 4.500000 180.899994 6
8 11 70.000000 4.500000 180.899994 7
7 8 70.000000 4.500000 180.899994 7
12 11 70.000000 4.500000 180.899994 7
8 12 98.994949 4.500000 180.899994 7
11 7 98.994949 4.500000 180.899994 7
9 10 70.000000 4.500000 180.899994 8
8 9 70.000000 4.500000 180.899994 8
11 10 70.000000 4.500000 180.899994 8
9 11 98.994949 4.500000 180.899994 8
10 8 98.994949 4.500000 180.899994 8
staticjoints=0
