28
4.000000
4.000000
4.000000
4.000000
4.000000
4.000000
4.000000
4.000000
1.000000
1.000000
1.000000
1.000000
1.000000
1.000000
1.000000
1.000000
1.000000
1.000000
1.000000
1.000000
1.000000
1.000000
1.000000
1.000000
1.000000
1.000000
1.000000
1.000000
28
1105.548584 489.773895
1255.548584 270.774170
1169.548584 719.773315
998.482056 865.710327
1409.063232 93.829926
1697.104614 79.490021
1697.104614 129.490021
1282.872437 251.568420
1798.252441 -146.070404
1737.041626 -112.111305
1675.830688 -78.152061
1614.619873 -44.192795
1553.408936 -10.233533
1492.198120 23.725721
1430.987061 57.684937
1369.776367 91.644226
1308.565430 125.603493
1247.354492 159.562698
1213.395508 98.351776
1274.606201 64.392601
1335.817017 30.433378
1397.027832 -3.525923
1458.238892 -37.485138
1519.449707 -71.444374
1580.660645 -105.403633
1641.871460 -139.362885
1703.082520 -173.322174
1764.293457 -207.281342
28
0.000000 0.000000
0.000000 0.000000
0.000000 0.000000
0.000000 0.000000
0.000000 0.000000
0.000000 0.000000
0.000000 0.000000
0.000000 0.000000
1.031755 1.604882
1.031753 1.604884
1.031755 1.604882
1.031753 1.604882
1.031754 1.604882
1.031752 1.604883
1.031756 1.604882
1.031753 1.604883
1.031754 1.604883
1.031755 1.604884
1.031750 1.604884
1.031754 1.604884
1.031755 1.604883
1.031756 1.604882
1.031752 1.604882
1.031754 1.604883
1.031752 1.604883
1.031754 1.604882
1.031751 1.604884
1.031750 1.604882
28
-25.000000 -25.000000
25.000000 -25.000000
25.000000 25.000000
-25.000000 25.000000
-25.000000 -25.000000
25.000000 -25.000000
25.000000 25.000000
-25.000000 25.000000
-315.000000 -35.000000
-245.000000 -35.000000
-175.000000 -35.000000
-105.000000 -35.000000
-35.000000 -35.000000
35.000000 -35.000000
105.000000 -35.000000
175.000000 -35.000000
245.000000 -35.000000
315.000000 -35.000000
315.000000 35.000000
245.000000 35.000000
175.000000 35.000000
105.000000 35.000000
35.000000 35.000000
-35.000000 35.000000
-105.000000 35.000000
-175.000000 35.000000
-245.000000 35.000000
-315.000000 35.000000
shapes=3
start=0 end=4 volume=0.000000 isStatic=1 selfIntersecting=0 parentId=-1 indices=65535,65535,65535,65535 interiorEdges=0,0,0,0
start=4 end=8 volume=0.000000 isStatic=1 selfIntersecting=0 parentId=-1 indices=65535,65535,65535,65535 interiorEdges=0,0,0,0
start=8 end=28 volume=0.000000 isStatic=0 selfIntersecting=0 parentId=-1 indices=65535,65535,65535,65535 interiorEdges=0,0,0,0
springs=46
8 27 70.000000 4.500000 180.899994 2
9 26 70.000000 4.500000 180.899994 2
8 9 70.000000 4.500000 180.899994 2
27 26 70.000000 4.500000 180.899994 2
9 27 98.994949 4.500000 180.899994 2
26 8 98.994949 4.500000 180.899994 2
10 25 70.000000 4.500000 180.899994 2
9 10 70.000000 4.500000 180.899994 2
26 25 70.000000 4.500000 180.899994 2
10 26 98.994949 4.500000 180.899994 2
25 9 98.994949 4.500000 180.899994 2
11 24 70.000000 4.500000 180.899994 2
10 11 70.000000 4.500000 180.899994 2
25 24 70.000000 4.500000 180.899994 2
11 25 98.994949 4.500000 180.899994 2
24 10 98.994949 4.500000 180.899994 2
12 23 70.000000 4.500000 180.899994 2
11 12 70.000000 4.500000 180.899994 2
24 23 70.000000 4.500000 180.899994 2
12 24 98.994949 4.500000 180.899994 2
23 11 98.994949 4.500000 180.899994 2
13 22 70.000000 4.500000 180.899994 2
12 13 70.000000 4.500000 180.899994 2
23 22 70.000000 4.500000 180.899994 2
13 23 98.994949 4.500000 180.899994 2
22 12 98.994949 4.500000 180.899994 2
14 21 70.000000 4.500000 180.899994 2
13 14 70.000000 4.500000 180.899994 2
22 21 70.000000 4.500000 180.899994 2
14 22 98.994949 4.500000 180.899994 2
21 13 98.994949 4.500000 180.899994 2
15 20 70.000000 4.500000 180.899994 2
14 15 70.000000 4.500000 180.899994 2
21 20 70.000000 4.500000 180.899994 2
15 21 98.994949 4.500000 180.899994 2
20 14 98.994949 4.500000 180.899994 2
16 19 70.000000 4.500000 180.899994 2
15 16 70.000000 4.500000 180.899994 2
20 19 70.000000 4.500000 180.899994 2
16 20 98.994949 4.500000 180.899994 2
19 15 98.994949 4.500000 180.899994 2
17 18 70.000000 4.500000 180.899994 2
16 17 70.000000 4.500000 180.899994 2
19 18 70.000000 4.500000 180.899994 2
17 19 98.994949 4.500000 180.899994 2
18 16 98.994949 4.500000 180.899994 2
staticjoints=0
