40
1.000000
1.000000
1.000000
1.000000
1.000000
1.000000
1.000000
1.000000
1.000000
1.000000
1.000000
1.000000
1.000000
1.000000
1.000000
1.000000
1.000000
1.000000
1.000000
1.000000
1.000000
1.000000
1.000000
1.000000
1.000000
1.000000
1.000000
1.000000
1.000000
1.000000
1.000000
1.000000
1.000000
1.000000
1.000000
1.000000
1.000000
1.000000
1.000000
1.000000
40
801.654907 115.412590
847.683105 58.296421
899.524780 1.773420
963.460388 -54.717560
1125.221313 -72.360115
1149.137695 -142.297531
1159.612305 -153.475998
1175.219116 -195.260544
1210.298096 -243.867065
1250.249268 -296.602814
1305.763672 -252.923874
1264.973022 -199.091049
1225.857544 -144.188400
1149.496216 -83.721420
1126.308960 -74.932755
1128.237793 -68.213905
1016.790466 -1.294090
948.880066 48.193871
900.387146 102.928253
856.632324 158.829117
885.655701 160.291885
924.432800 103.333824
964.318359 48.994911
1008.404114 4.016075
1099.756592 -71.272209
1118.849121 -57.250942
1067.763062 -95.392754
1114.989502 -230.888000
1153.613037 -305.220398
1191.538452 -369.798920
1250.893188 -333.711731
1212.180908 -270.480774
1171.567627 -199.337738
1124.738525 -79.696884
1127.358032 -71.640289
1116.890259 -58.479939
1061.906982 41.355103
1021.395813 90.737434
982.247375 143.757355
944.043152 199.140930
40
0.085612 -0.276446
0.174640 -0.293930
0.413711 -0.364505
1.424356 -0.133336
-0.345508 0.315226
-0.420642 -0.425525
-0.236936 -0.708060
0.220492 -0.145126
0.270517 -0.138598
0.133242 -0.238525
0.190725 -0.213972
0.256405 -0.209697
0.182009 -0.051794
1.516109 -0.240985
0.181652 -0.605037
-1.094623 0.352280
0.289185 -0.507015
0.326214 -0.272830
0.120298 -0.279240
0.069266 -0.260314
-0.248268 0.183369
-0.229495 0.252497
-0.120171 0.318068
0.081957 -0.288087
-1.408643 0.045166
-1.629088 0.099152
-0.515283 -1.063914
-0.320528 1.076165
-0.269929 0.504848
-0.317979 0.355045
-0.303590 0.230916
-0.251154 0.448574
-0.697088 0.789585
-0.121905 -1.095112
-0.188852 -0.032499
-0.445554 0.724835
0.108521 0.149648
-0.215477 0.372656
-0.224644 0.301628
-0.304913 0.253356
40
1245.000000 -374.000000
1315.000000 -374.000000
1385.000000 -374.000000
1455.000000 -374.000000
1525.000000 -374.000000
1595.000000 -374.000000
1665.000000 -374.000000
1735.000000 -374.000000
1805.000000 -374.000000
1875.000000 -374.000000
1875.000000 -304.000000
1805.000000 -304.000000
1735.000000 -304.000000
1665.000000 -304.000000
1595.000000 -304.000000
1525.000000 -304.000000
1455.000000 -304.000000
1385.000000 -304.000000
1315.000000 -304.000000
1245.000000 -304.000000
1245.000000 -374.000000
1315.000000 -374.000000
1385.000000 -374.000000
1455.000000 -374.000000
1525.000000 -374.000000
1595.000000 -374.000000
1665.000000 -374.000000
1735.000000 -374.000000
1805.000000 -374.000000
1875.000000 -374.000000
1875.000000 -304.000000
1805.000000 -304.000000
1735.000000 -304.000000
1665.000000 -304.000000
1595.000000 -304.000000
1525.000000 -304.000000
1455.000000 -304.000000
1385.000000 -304.000000
1315.000000 -304.000000
1245.000000 -304.000000
shapes=18
start=0 end=20 volume=0.000000 isStatic=0 selfIntersecting=1 parentId=1 disableShapeMatching=0 indices=0,1,18,19 interiorEdges=0,1,0,0
start=0 end=20 volume=0.000000 isStatic=0 selfIntersecting=1 parentId=1 disableShapeMatching=0 indices=1,2,17,18 interiorEdges=0,1,0,1
start=0 end=20 volume=0.000000 isStatic=0 selfIntersecting=1 parentId=1 disableShapeMatching=0 indices=2,3,16,17 interiorEdges=0,1,0,1
start=0 end=20 volume=0.000000 isStatic=0 selfIntersecting=1 parentId=1 disableShapeMatching=0 indices=3,4,15,16 interiorEdges=0,1,0,1
start=0 end=20 volume=0.000000 isStatic=0 selfIntersecting=1 parentId=1 disableShapeMatching=0 indices=4,5,14,15 interiorEdges=0,1,0,1
start=0 end=20 volume=0.000000 isStatic=0 selfIntersecting=1 parentId=1 disableShapeMatching=0 indices=5,6,13,14 interiorEdges=0,1,0,1
start=0 end=20 volume=0.000000 isStatic=0 selfIntersecting=1 parentId=1 disableShapeMatching=0 indices=6,7,12,13 interiorEdges=0,1,0,1
start=0 end=20 volume=0.000000 isStatic=0 selfIntersecting=1 parentId=1 disableShapeMatching=0 indices=7,8,11,12 interiorEdges=0,1,0,1
start=0 end=20 volume=0.000000 isStatic=0 selfIntersecting=1 parentId=1 disableShapeMatching=0 indices=8,9,10,11 interiorEdges=0,0,0,1
start=20 end=40 volume=0.000000 isStatic=0 selfIntersecting=1 parentId=7 disableShapeMatching=0 indices=0,1,18,19 interiorEdges=0,1,0,0
start=20 end=40 volume=0.000000 isStatic=0 selfIntersecting=1 parentId=7 disableShapeMatching=0 indices=1,2,17,18 interiorEdges=0,1,0,1
start=20 end=40 volume=0.000000 isStatic=0 selfIntersecting=1 parentId=7 disableShapeMatching=0 indices=2,3,16,17 interiorEdges=0,1,0,1
start=20 end=40 volume=0.000000 isStatic=0 selfIntersecting=1 parentId=7 disableShapeMatching=0 indices=3,4,15,16 interiorEdges=0,1,0,1
start=20 end=40 volume=0.000000 isStatic=0 selfIntersecting=1 parentId=7 disableShapeMatching=0 indices=4,5,14,15 interiorEdges=0,1,0,1
start=20 end=40 volume=0.000000 isStatic=0 selfIntersecting=1 parentId=7 disableShapeMatching=0 indices=5,6,13,14 interiorEdges=0,1,0,1
start=20 end=40 volume=0.000000 isStatic=0 selfIntersecting=1 parentId=7 disableShapeMatching=0 indices=6,7,12,13 interiorEdges=0,1,0,1
start=20 end=40 volume=0.000000 isStatic=0 selfIntersecting=1 parentId=7 disableShapeMatching=0 indices=7,8,11,12 interiorEdges=0,1,0,1
start=20 end=40 volume=0.000000 isStatic=0 selfIntersecting=1 parentId=7 disableShapeMatching=0 indices=8,9,10,11 interiorEdges=0,0,0,1
springs=92
0 19 70.000000 4.500000 180.899994 0
1 18 70.000000 4.500000 180.899994 0
0 1 70.000000 4.500000 180.899994 0
19 18 70.000000 4.500000 180.899994 0
1 19 98.994949 4.500000 180.899994 0
18 0 98.994949 4.500000 180.899994 0
2 17 70.000000 4.500000 180.899994 1
1 2 70.000000 4.500000 180.899994 1
18 17 70.000000 4.500000 180.899994 1
2 18 98.994949 4.500000 180.899994 1
17 1 98.994949 4.500000 180.899994 1
3 16 70.000000 4.500000 180.899994 2
2 3 70.000000 4.500000 180.899994 2
17 16 70.000000 4.500000 180.899994 2
3 17 98.994949 4.500000 180.899994 2
16 2 98.994949 4.500000 180.899994 2
4 15 70.000000 4.500000 180.899994 3
3 4 70.000000 4.500000 180.899994 3
16 15 70.000000 4.500000 180.899994 3
4 16 98.994949 4.500000 180.899994 3
15 3 98.994949 4.500000 180.899994 3
5 14 70.000000 4.500000 180.899994 4
4 5 70.000000 4.500000 180.899994 4
15 14 70.000000 4.500000 180.899994 4
5 15 98.994949 4.500000 180.899994 4
14 4 98.994949 4.500000 180.899994 4
6 13 70.000000 4.500000 180.899994 5
5 6 70.000000 4.500000 180.899994 5
14 13 70.000000 4.500000 180.899994 5
6 14 98.994949 4.500000 180.899994 5
13 5 98.994949 4.500000 180.899994 5
7 12 70.000000 4.500000 180.899994 6
6 7 70.000000 4.500000 180.899994 6
13 12 70.000000 4.500000 180.899994 6
7 13 98.994949 4.500000 180.899994 6
12 6 98.994949 4.500000 180.899994 6
8 11 70.000000 4.500000 180.899994 7
7 8 70.000000 4.500000 180.899994 7
12 11 70.000000 4.500000 180.899994 7
8 12 98.994949 4.500000 180.899994 7
11 7 98.994949 4.500000 180.899994 7
9 10 70.000000 4.500000 180.899994 8
8 9 70.000000 4.500000 180.899994 8
11 10 70.000000 4.500000 180.899994 8
9 11 98.994949 4.500000 180.899994 8
10 8 98.994949 4.500000 180.899994 8
20 39 70.000000 4.500000 180.899994 9
21 38 70.000000 4.500000 180.899994 9
20 21 70.000000 4.500000 180.899994 9
39 38 70.000000 4.500000 180.899994 9
21 39 98.994949 4.500000 180.899994 9
38 20 98.994949 4.500000 180.899994 9
22 37 70.000000 4.500000 180.899994 10
21 22 70.000000 4.500000 180.899994 10
38 37 70.000000 4.500000 180.899994 10
22 38 98.994949 4.500000 180.899994 10
37 21 98.994949 4.500000 180.899994 10
23 36 70.000000 4.500000 180.899994 11
22 23 70.000000 4.500000 180.899994 11
37 36 70.000000 4.500000 180.899994 11
23 37 98.994949 4.500000 180.899994 11
36 22 98.994949 4.500000 180.899994 11
24 35 70.000000 4.500000 180.899994 12
23 24 70.000000 4.500000 180.899994 12
36 35 70.000000 4.500000 180.899994 12
24 36 98.994949 4.500000 180.899994 12
35 23 98.994949 4.500000 180.899994 12
25 34 70.000000 4.500000 180.899994 13
24 25 70.000000 4.500000 180.899994 13
35 34 70.000000 4.500000 180.899994 13
25 35 98.994949 4.500000 180.899994 13
34 24 98.994949 4.500000 180.899994 13
26 33 70.000000 4.500000 180.899994 14
25 26 70.000000 4.500000 180.899994 14
34 33 70.000000 4.500000 180.899994 14
26 34 98.994949 4.500000 180.899994 14
33 25 98.994949 4.500000 180.899994 14
27 32 70.000000 4.500000 180.899994 15
26 27 70.000000 4.500000 180.899994 15
33 32 70.000000 4.500000 180.899994 15
27 33 98.994949 4.500000 180.899994 15
32 26 98.994949 4.500000 180.899994 15
28 31 70.000000 4.500000 180.899994 16
27 28 70.000000 4.500000 180.899994 16
32 31 70.000000 4.500000 180.899994 16
28 32 98.994949 4.500000 180.899994 16
31 27 98.994949 4.500000 180.899994 16
29 30 70.000000 4.500000 180.899994 17
28 29 70.000000 4.500000 180.899994 17
31 30 70.000000 4.500000 180.899994 17
29 31 98.994949 4.500000 180.899994 17
30 28 98.994949 4.500000 180.899994 17
staticjoints=0
